First line is descriptive text that is ignored by the preparation tool,,,,,,,,,,,,,,,,,,,,,,,,,,,,,,,,,,,,,,,,,,,,,,,,,,,,,,,,,,,,,,,,,,,,,,,
FirstTheta,0,,,,,,,,,,,,,,,,,,,,,,,,,,,,,,,,,,,,,,,,,,,,,,,,,,,,,,,,,,,,,,,,,,,,,,
DeltaTheta,2,,,,,,,,,,,,,,,,,,,,,,,,,,,,,,,,,,,,,,,,,,,,,,,,,,,,,,,,,,,,,,,,,,,,,,
NumTheta,36,,,,,,,,,,,,,,,,,,,,,,,,,,,,,,,,,,,,,,,,,,,,,,,,,,,,,,,,,,,,,,,,,,,,,,
FirstPhi,0,,,,,,,,,,,,,,,,,,,,,,,,,,,,,,,,,,,,,,,,,,,,,,,,,,,,,,,,,,,,,,,,,,,,,,
DeltaPhi,2,,,,,,,,,,,,,,,,,,,,,,,,,,,,,,,,,,,,,,,,,,,,,,,,,,,,,,,,,,,,,,,,,,,,,,
NumPhi,180,,,,,,,,,,,,,,,,,,,,,,,,,,,,,,,,,,,,,,,,,,,,,,,,,,,,,,,,,,,,,,,,,,,,,,
Frequency,17700,,,,,,,,,,,,,,,,,,,,,,,,,,,,,,,,,,,,,,,,,,,,,,,,,,,,,,,,,,,,,,,,,,,,,,
Polarisation,RHCP,,,,,,,,,,,,,,,,,,,,,,,,,,,,,,,,,,,,,,,,,,,,,,,,,,,,,,,,,,,,,,,,,,,,,,
Beam,1,,,,,,,,,,,,,,,,,,,,,,,,,,,,,,,,,,,,,,,,,,,,,,,,,,,,,,,,,,,,,,,,,,,,,,
Temperature,21,,,,,,,,,,,,,,,,,,,,,,,,,,,,,,,,,,,,,,,,,,,,,,,,,,,,,,,,,,,,,,,,,,,,,,
TriLensQR,440-0375-00198,,,,,,,,,,,,,,,,,,,,,,,,,,,,,,,,,,,,,,,,,,,,,,,,,,,,,,,,,,,,,,,,,,,,,,
LensNumber,3,,,,,,,,,,,,,,,,,,,,,,,,,,,,,,,,,,,,,,,,,,,,,,,,,,,,,,,,,,,,,,,,,,,,,,
RawAttenPhase,FALSE,,,,,,,,,,,,,,,,,,,,,,,,,,,,,,,,,,,,,,,,,,,,,,,,,,,,,,,,,,,,,,,,,,,,,,
0,147.027,0,146.9355,0,146.844,0,146.7525,0,146.6609,0,146.5694,0,146.4778,0,146.3863,0,147.2546,0,148.1239,0,148.9938,0,149.8639,0,150.7339,0,151.6032,0,152.4715,0,154.0247,0,155.5837,0,157.1462,0,158.7098,0,160.2723,0,161.8313,0,163.3845,0,161.3101,0,159.2218,0,157.1252,0,155.0257,0,152.929,0,150.8408,0,148.7663,0,147.4934,0,146.2173,0,144.9393,0,143.6606,0,142.3826,0,141.1064,0,139.8335
0,147.027,0,147.2891,0,147.2013,0,147.1097,0,147.0182,0,146.9266,0,146.8351,0,146.7435,0,147.1266,0,147.9957,0,148.8655,0,149.7355,0,150.6054,0,151.4748,0,152.3432,0,153.9559,0,155.5146,0,157.0768,0,158.6402,0,160.2026,0,161.7617,0,163.315,0,162.3202,0,160.2401,0,158.1489,0,156.0521,0,153.9555,0,151.8644,0,149.7846,0,147.9472,0,146.6726,0,145.3956,0,144.1176,0,142.8397,0,141.5632,0,140.2895
0,147.027,0,147.3052,0,147.5512,0,147.4671,0,147.3756,0,147.284,0,147.1924,0,147.1009,0,147.0093,0,147.8676,0,148.7372,0,149.6071,0,150.477,0,151.3464,0,152.2149,0,153.8531,0,155.4455,0,157.0074,0,158.5707,0,160.133,0,161.6921,0,163.2456,0,162.4325,0,161.2538,0,159.1693,0,157.0766,0,154.9812,0,152.8888,0,150.8048,0,148.949,0,147.1273,0,145.8515,0,144.5742,0,143.2966,0,142.02,0,140.7456
0,147.027,0,147.3214,0,147.5673,0,147.8133,0,147.733,0,147.6415,0,147.5499,0,147.4583,0,147.3668,0,147.7394,0,148.6089,0,149.4788,0,150.3486,0,151.218,0,152.0866,0,153.7246,0,155.3679,0,156.938,0,158.5011,0,160.0634,0,161.6225,0,163.1761,0,162.363,0,161.5488,0,160.1857,0,158.0984,0,156.0057,0,153.9132,0,151.8264,0,149.9694,0,148.1123,0,146.3068,0,145.0304,0,143.7533,0,142.4767,0,141.2019
0,147.027,0,147.3635,0,147.5835,0,147.8294,0,148.0755,0,147.9989,0,147.9074,0,147.8158,0,147.7243,0,147.6327,0,148.4807,0,149.3504,0,150.2202,0,151.0896,0,151.9583,0,153.5961,0,155.2394,0,156.8687,0,158.4316,0,159.9938,0,161.5529,0,163.1066,0,162.2934,0,161.4793,0,160.6646,0,159.117,0,157.0282,0,154.937,0,152.8487,0,150.9917,0,149.1324,0,147.2748,0,145.4862,0,144.2097,0,142.9332,0,141.6581
0,147.027,0,147.4591,0,147.5996,0,147.8456,0,148.0916,0,148.3377,0,148.2649,0,148.1734,0,148.0818,0,147.9903,0,148.3524,0,149.2221,0,150.0918,0,150.9612,0,151.8299,0,153.4676,0,155.111,0,156.7573,0,158.3621,0,159.9242,0,161.4833,0,163.0372,0,162.2239,0,161.4098,0,160.5951,0,159.7801,0,158.0482,0,155.9595,0,153.8711,0,152.0153,0,150.155,0,148.2942,0,146.4367,0,144.6657,0,143.3896,0,142.1144
0,147.027,0,147.5547,0,147.6157,0,147.8617,0,148.1078,0,148.3538,0,148.6,0,148.5309,0,148.4394,0,148.3478,0,148.2563,0,149.0938,0,149.9634,0,150.8328,0,151.7016,0,153.3391,0,154.9824,0,156.6289,0,158.2759,0,159.8546,0,161.4137,0,162.9677,0,162.1544,0,161.3403,0,160.5256,0,159.7106,0,158.8958,0,156.9801,0,154.8929,0,153.0394,0,151.1793,0,149.3166,0,147.455,0,145.5986,0,143.8457,0,142.5705
0,147.027,0,147.6504,0,147.6319,0,147.8779,0,148.1239,0,148.37,0,148.6161,0,148.8622,0,148.7969,0,148.7054,0,148.6139,0,148.9655,0,149.8351,0,150.7045,0,151.5733,0,153.2105,0,154.8538,0,156.5006,0,158.1479,0,159.785,0,161.3442,0,162.8983,0,162.0849,0,161.2708,0,160.4561,0,159.6412,0,158.8265,0,157.9981,0,155.9134,0,154.0635,0,152.2048,0,150.3412,0,148.4768,0,146.6153,0,144.7607,0,143.0266
0,147.027,0,147.4719,0,147.6999,0,147.894,0,148.14,0,148.3861,0,148.6322,0,148.8783,0,149.1245,0,149.063,0,148.9715,0,148.8799,0,149.7067,0,150.5761,0,151.445,0,153.082,0,154.7252,0,156.3721,0,158.0199,0,159.6658,0,161.2746,0,162.8288,0,162.0154,0,161.2013,0,160.3866,0,159.5718,0,158.7571,0,157.9429,0,156.9321,0,155.0868,0,153.1624,0,151.2024,0,149.2403,0,147.2805,0,145.3277,0,143.3862
0,147.027,0,147.1478,0,147.7956,0,147.9101,0,148.1562,0,148.4022,0,148.6483,0,148.8944,0,149.1406,0,149.3867,0,149.329,0,149.2375,0,149.5784,0,150.4478,0,151.3167,0,152.9534,0,154.5966,0,156.2437,0,157.8918,0,159.5383,0,161.1805,0,162.7593,0,161.946,0,161.1318,0,160.3171,0,159.531,0,158.9069,0,158.283,0,157.6596,0,155.4461,0,153.4958,0,151.5378,0,149.5769,0,147.6176,0,145.6644,0,143.7219
0,147.027,0,146.8238,0,147.8913,0,147.9263,0,148.1723,0,148.4184,0,148.6645,0,148.9106,0,149.1567,0,149.4028,0,149.6489,0,149.595,0,149.5035,0,150.3194,0,151.1884,0,152.8248,0,154.468,0,156.1151,0,157.7636,0,159.4107,0,161.0537,0,162.6899,0,162.0668,0,161.4433,0,160.8194,0,160.1953,0,159.5712,0,158.9471,0,158.3232,0,156.0866,0,153.8422,0,151.8727,0,149.9132,0,147.9545,0,146.0011,0,144.0576
0,147.027,0,146.4997,0,147.987,0,147.9424,0,148.1884,0,148.4345,0,148.6806,0,148.9267,0,149.1728,0,149.4189,0,149.665,0,149.9111,0,149.8609,0,150.1911,0,151.06,0,152.6962,0,154.3393,0,155.9866,0,157.6354,0,159.283,0,160.939,0,162.5902,0,162.6606,0,162.107,0,161.4835,0,160.8596,0,160.2355,0,159.6114,0,158.9873,0,156.7514,0,154.5058,0,152.2572,0,150.2491,0,148.2911,0,146.3377,0,144.3933
0,147.027,0,146.4931,0,148.0826,0,148.0365,0,148.2046,0,148.4506,0,148.6967,0,148.9428,0,149.1889,0,149.435,0,149.6811,0,149.9272,0,150.1732,0,150.1268,0,150.9317,0,152.5676,0,154.2105,0,155.858,0,157.5171,0,159.1803,0,160.8391,0,162.4905,0,162.561,0,162.6314,0,162.1471,0,161.5236,0,160.8998,0,160.2757,0,159.6516,0,157.4171,0,155.1708,0,152.9195,0,150.6702,0,148.6274,0,146.6741,0,144.729
0,147.027,0,146.4931,0,148.1784,0,148.1321,0,148.2207,0,148.4667,0,148.7128,0,148.9589,0,149.205,0,149.4511,0,149.6972,0,149.9433,0,150.1893,0,150.4353,0,150.8034,0,152.4389,0,154.0893,0,155.7526,0,157.4173,0,159.0804,0,160.7392,0,162.3909,0,162.4613,0,162.5317,0,162.6021,0,162.1872,0,161.5638,0,160.94,0,160.3159,0,158.0834,0,155.837,0,153.5836,0,151.3301,0,149.0835,0,147.0104,0,145.0647
0,147.027,0,146.4931,0,148.2741,0,148.2278,0,148.2368,0,148.4829,0,148.7289,0,148.975,0,149.2211,0,149.4672,0,149.7133,0,149.9594,0,150.2054,0,150.4514,0,150.7333,0,152.3315,0,153.9902,0,155.6531,0,157.3175,0,158.9804,0,160.6393,0,162.2912,0,162.3616,0,162.432,0,162.5025,0,162.5729,0,162.2273,0,161.6039,0,160.9801,0,158.7502,0,156.5043,0,154.2494,0,151.9924,0,149.7402,0,147.4997,0,145.4004
0,147.027,0,146.4931,0,148.2413,0,148.3236,0,148.2773,0,148.499,0,148.7451,0,148.9911,0,149.2372,0,149.4833,0,149.7294,0,149.9754,0,150.2215,0,150.4675,0,150.9833,0,152.329,0,153.8912,0,155.5536,0,157.2177,0,158.8805,0,160.5394,0,162.1915,0,162.262,0,162.3324,0,162.4028,0,162.4732,0,162.5436,0,162.2674,0,161.644,0,159.4172,0,157.1726,0,154.9167,0,152.6567,0,150.4004,0,148.1613,0,145.9417
0,147.027,0,146.4931,0,147.9171,0,148.4193,0,148.373,0,148.5151,0,148.7612,0,149.0072,0,149.2533,0,149.4994,0,149.7455,0,149.9915,0,150.2375,0,150.5907,0,151.2333,0,152.5796,0,153.9306,0,155.4542,0,157.1179,0,158.7806,0,160.4395,0,162.0919,0,162.1623,0,162.2327,0,162.3031,0,162.3735,0,162.4439,0,162.5144,0,162.3074,0,160.0844,0,157.8427,0,155.5908,0,153.3357,0,151.0845,0,148.8439,0,146.6207
0,147.027,0,146.4931,0,147.5929,0,148.515,0,148.4687,0,148.5312,0,148.7773,0,149.0234,0,149.2694,0,149.5155,0,149.7616,0,150.0076,0,150.2536,0,150.8407,0,151.4833,0,152.8301,0,154.1814,0,155.5356,0,157.0182,0,158.6808,0,160.3397,0,161.9922,0,162.0626,0,162.133,0,162.2035,0,162.2739,0,162.3443,0,162.3755,0,162.2718,0,160.7503,0,158.5159,0,156.2695,0,154.0177,0,151.7676,0,149.5261,0,147.3
0,147.027,0,146.4931,0,147.2687,0,148.6107,0,148.5644,0,148.5474,0,148.7934,0,149.0395,0,149.2855,0,149.5316,0,149.7777,0,150.0237,0,150.4481,0,151.0907,0,151.7334,0,153.0807,0,154.4322,0,155.7863,0,157.1415,0,158.5809,0,160.2398,0,161.8926,0,161.963,0,162.0334,0,162.1038,0,162.1481,0,162.0444,0,161.9407,0,161.8369,0,160.437,0,159.0312,0,156.9458,0,154.698,0,152.4497,0,150.208,0,147.9795
0,147.027,0,146.4931,0,146.9445,0,148.7065,0,148.6602,0,148.6138,0,148.8095,0,149.0556,0,149.3016,0,149.5477,0,149.7937,0,150.0555,0,150.698,0,151.3407,0,151.9835,0,153.3312,0,154.6828,0,156.0368,0,157.3917,0,158.7459,0,160.14,0,161.7929,0,161.8633,0,161.9207,0,161.8169,0,161.7132,0,161.6094,0,161.5057,0,161.4019,0,160.0009,0,158.5946,0,157.1844,0,155.3763,0,153.1306,0,150.8892,0,148.659
0,147.027,0,146.4931,0,146.6203,0,148.8023,0,148.7559,0,148.7095,0,148.8256,0,149.0717,0,149.3177,0,149.5638,0,149.8098,0,150.3054,0,150.948,0,151.5908,0,152.2336,0,153.5817,0,154.9334,0,156.2873,0,157.6416,0,158.9951,0,160.3461,0,161.6932,0,161.5895,0,161.4857,0,161.382,0,161.2782,0,161.1744,0,161.0706,0,160.9668,0,159.5649,0,158.1582,0,156.7483,0,155.3368,0,153.81,0,151.5696,0,149.3383
0,147.027,0,146.4931,0,146.2962,0,148.898,0,148.8516,0,148.8053,0,148.8418,0,149.0878,0,149.3338,0,149.5799,0,149.9129,0,150.5553,0,151.1981,0,151.8409,0,152.4837,0,153.8322,0,155.1839,0,156.5375,0,157.8914,0,159.2441,0,160.594,0,161.6435,0,161.2896,0,161.0507,0,160.9469,0,160.8431,0,160.7393,0,160.6355,0,160.5316,0,159.1291,0,157.7222,0,156.3125,0,154.9019,0,153.4921,0,152.0846,0,150.0172
0,147.027,0,146.4931,0,145.9722,0,148.9938,0,148.9474,0,148.901,0,148.8579,0,149.1039,0,149.3499,0,149.596,0,150.1627,0,150.8054,0,151.4482,0,152.0911,0,152.7338,0,154.0826,0,155.4343,0,156.7876,0,158.141,0,159.4928,0,160.5736,0,161.5937,0,161.2398,0,160.8859,0,160.5319,0,160.408,0,160.3042,0,160.2004,0,160.0965,0,158.6934,0,157.2865,0,155.8773,0,154.4678,0,153.0594,0,151.6541,0,150.6784
0,147.027,0,146.4931,0,145.959,0,148.6868,0,149.0431,0,148.9967,0,148.9503,0,149.12,0,149.366,0,149.7702,0,150.4127,0,151.0554,0,151.6984,0,152.3412,0,152.9839,0,154.3329,0,155.6846,0,157.0376,0,158.3903,0,159.502,0,160.5238,0,161.5439,0,161.19,0,160.8361,0,160.4821,0,160.1281,0,159.8692,0,159.7653,0,159.6615,0,158.258,0,156.8512,0,155.4427,0,154.1817,0,153.2245,0,152.2684,0,151.314
0,147.027,0,146.4931,0,145.959,0,148.3626,0,149.1389,0,149.0925,0,149.0461,0,149.1361,0,149.3821,0,150.02,0,150.6627,0,151.3056,0,151.9485,0,152.5914,0,153.234,0,154.5832,0,155.9348,0,157.2873,0,158.4292,0,159.4521,0,160.474,0,161.4941,0,161.1403,0,160.7863,0,160.4323,0,160.0783,0,159.7244,0,159.3704,0,159.2266,0,157.8228,0,156.7332,0,155.7761,0,154.8186,0,153.8614,0,152.905,0,151.9499
0,147.027,0,146.4931,0,145.959,0,148.0383,0,149.2347,0,149.1882,0,149.1418,0,149.1522,0,149.6275,0,150.2699,0,150.9128,0,151.5557,0,152.1987,0,152.8416,0,153.4841,0,154.8333,0,156.1848,0,157.356,0,158.3794,0,159.4023,0,160.4242,0,161.4444,0,161.0905,0,160.7365,0,160.3826,0,160.0286,0,159.6746,0,159.3207,0,159.2645,0,158.3231,0,157.3681,0,156.4119,0,155.455,0,154.4981,0,153.5416,0,152.586
0,147.027,0,146.4931,0,145.959,0,147.714,0,149.3305,0,149.284,0,149.2375,0,149.1911,0,149.8759,0,150.52,0,151.1629,0,151.806,0,152.4489,0,153.0917,0,153.7341,0,155.0834,0,156.2833,0,157.3063,0,158.3296,0,159.3525,0,160.3744,0,161.3946,0,161.0407,0,160.6868,0,160.3328,0,159.9788,0,159.6248,0,159.7134,0,159.8701,0,158.9326,0,157.995,0,157.0468,0,156.0908,0,155.1343,0,154.178,0,153.2222
0,147.027,0,146.4931,0,145.959,0,147.3897,0,149.4263,0,149.3798,0,149.3333,0,149.2868,0,149.6975,0,150.4611,0,151.2252,0,151.9895,0,152.6991,0,153.3418,0,153.9841,0,155.2116,0,156.2336,0,157.2565,0,158.2798,0,159.3027,0,160.3246,0,161.3448,0,160.9909,0,160.637,0,160.283,0,160.0056,0,160.1624,0,160.3192,0,160.476,0,159.5384,0,158.6003,0,157.6624,0,156.725,0,155.77,0,154.814,0,153.8582
0,147.027,0,146.4931,0,145.959,0,147.0653,0,149.5221,0,149.4755,0,149.429,0,149.3825,0,149.526,0,150.2825,0,151.0465,0,151.8107,0,152.5749,0,153.3388,0,154.1021,0,155.1621,0,156.184,0,157.2068,0,158.23,0,159.2529,0,160.2748,0,161.295,0,160.9412,0,160.5872,0,160.4546,0,160.6114,0,160.7683,0,160.9252,0,161.0822,0,160.1446,0,159.2063,0,158.2678,0,157.3295,0,156.392,0,155.4494,0,154.4939
0,147.027,0,146.4931,0,145.959,0,146.741,0,149.6179,0,149.5713,0,149.5248,0,149.4782,0,149.6217,0,150.104,0,150.8678,0,151.632,0,152.3961,0,153.1601,0,153.9235,0,154.9862,0,156.0507,0,157.116,0,158.1802,0,159.203,0,160.2249,0,161.2453,0,160.8914,0,160.9035,0,161.0604,0,161.2173,0,161.3743,0,161.5314,0,161.6884,0,160.7511,0,159.8128,0,158.8739,0,157.9349,0,156.9964,0,156.0587,0,155.0567
0,147.027,0,146.4931,0,145.959,0,146.4168,0,149.4566,0,149.6671,0,149.6205,0,149.574,0,149.7175,0,149.9255,0,150.6892,0,151.4532,0,152.2173,0,152.9813,0,153.7448,0,154.8075,0,155.872,0,156.9375,0,158.0033,0,159.0688,0,160.1331,0,161.1955,0,161.3524,0,161.5093,0,161.6663,0,161.8233,0,161.9804,0,162.1375,0,162.2946,0,161.3578,0,160.4196,0,159.4806,0,158.5411,0,157.5758,0,156.4513,0,155.3295
0,147.027,0,146.4931,0,145.959,0,146.0926,0,149.1325,0,149.7629,0,149.7163,0,149.6697,0,149.8132,0,149.9567,0,150.5106,0,151.2745,0,152.0386,0,152.8026,0,153.5662,0,154.6287,0,155.6932,0,156.7588,0,157.8249,0,158.8908,0,159.9556,0,161.1057,0,161.5336,0,161.9616,0,162.2722,0,162.4293,0,162.5864,0,162.7435,0,162.9006,0,161.9645,0,161.0267,0,160.0877,0,158.9754,0,157.8491,0,156.7244,0,155.6022
0,147.027,0,146.4931,0,145.959,0,145.7685,0,148.8083,0,149.8587,0,149.812,0,149.7655,0,149.909,0,150.0525,0,150.332,0,151.0958,0,151.8598,0,152.6238,0,153.3875,0,154.4499,0,155.5144,0,156.5801,0,157.6465,0,158.7127,0,159.8088,0,161.0158,0,161.4437,0,161.8717,0,162.2998,0,162.7279,0,163.1559,0,163.3492,0,163.5063,0,162.5711,0,161.5016,0,160.3752,0,159.2485,0,158.1223,0,156.9975,0,155.875
0,147.027,0,146.4931,0,145.959,0,145.4445,0,148.484,0,149.9544,0,149.9078,0,149.8612,0,150.0047,0,150.1482,0,150.2917,0,150.9172,0,151.6811,0,152.4451,0,153.2088,0,154.2711,0,155.3355,0,156.4013,0,157.4679,0,158.5344,0,159.7188,0,160.926,0,161.3539,0,161.7819,0,162.21,0,162.6381,0,163.0662,0,163.4942,0,163.8458,0,162.898,0,161.7736,0,160.6478,0,159.5215,0,158.3954,0,157.2706,0,156.1478
0,147.027,0,146.4931,0,145.959,0,145.4247,0,148.1596,0,150.0502,0,150.0036,0,149.957,0,150.1005,0,150.244,0,150.3875,0,150.7386,0,151.5024,0,152.2664,0,153.0301,0,154.0922,0,155.1566,0,156.2225,0,157.2892,0,158.4182,0,159.6288,0,160.8361,0,161.264,0,161.692,0,162.1201,0,162.5483,0,162.9764,0,163.339,0,163.4764,0,162.6531,0,161.8287,0,160.9202,0,159.7942,0,158.6684,0,157.5436,0,156.4206
0,147.027,0,146.4931,0,145.959,0,145.4247,0,147.8352,0,150.146,0,150.0994,0,150.0527,0,150.1962,0,150.3397,0,150.4832,0,150.6267,0,151.3237,0,152.0876,0,152.8514,0,153.9133,0,154.9776,0,156.0436,0,157.1154,0,158.3282,0,159.5389,0,160.7463,0,161.1742,0,161.6022,0,162.0303,0,162.4584,0,162.8321,0,162.9695,0,163.1069,0,162.2833,0,161.4588,0,160.6336,0,159.8083,0,158.9413,0,157.8165,0,156.6934
0,147.027,0,146.4931,0,145.959,0,145.4247,0,147.5107,0,150.2418,0,150.1951,0,150.1485,0,150.292,0,150.4355,0,150.579,0,150.7225,0,151.1451,0,151.9089,0,152.6727,0,153.7344,0,154.7986,0,155.8646,0,157.0254,0,158.2382,0,159.4489,0,160.6565,0,161.0843,0,161.5123,0,161.9404,0,162.325,0,162.4625,0,162.5999,0,162.7374,0,161.9135,0,161.0889,0,160.2638,0,159.4387,0,158.6138,0,157.7895,0,156.9661
0,147.027,0,146.4931,0,145.959,0,145.4247,0,147.1863,0,150.2263,0,150.2909,0,150.2442,0,150.3877,0,150.5312,0,150.6748,0,150.8183,0,150.9665,0,151.7303,0,152.494,0,153.5555,0,154.6195,0,155.7219,0,156.9355,0,158.1482,0,159.359,0,160.5666,0,160.9945,0,161.4225,0,161.8179,0,161.9554,0,162.0929,0,162.2303,0,162.3678,0,161.5438,0,160.7191,0,159.8942,0,159.0694,0,158.2449,0,157.5714,0,157.1007
0,147.027,0,146.4931,0,145.959,0,145.4247,0,146.8618,0,149.9024,0,150.3867,0,150.34,0,150.4835,0,150.627,0,150.7705,0,150.914,0,151.0575,0,151.5516,0,152.3153,0,153.3765,0,154.4405,0,155.6321,0,156.8456,0,158.0583,0,159.269,0,160.4768,0,160.9046,0,161.3108,0,161.4483,0,161.5858,0,161.7233,0,161.8608,0,161.9982,0,161.1741,0,160.3495,0,159.5248,0,158.7003,0,158.1769,0,157.706,0,157.2353
0,147.027,0,146.4931,0,145.959,0,145.4247,0,146.5374,0,149.5783,0,150.4825,0,150.4357,0,150.5792,0,150.7228,0,150.8663,0,151.0098,0,151.1533,0,151.373,0,152.1367,0,153.1976,0,154.3293,0,155.5423,0,156.7557,0,157.9683,0,159.1791,0,160.387,0,160.8039,0,160.9413,0,161.0788,0,161.2163,0,161.3538,0,161.4912,0,161.6287,0,160.8046,0,159.9801,0,159.2538,0,158.7826,0,158.3116,0,157.8406,0,157.3699
0,147.027,0,146.4931,0,145.959,0,145.4247,0,146.2131,0,149.2542,0,150.5782,0,150.5315,0,150.675,0,150.8185,0,150.962,0,151.1055,0,151.249,0,151.3925,0,151.958,0,153.0285,0,154.2398,0,155.4526,0,156.6658,0,157.8784,0,159.0892,0,160.2971,0,160.4345,0,160.572,0,160.7094,0,160.8469,0,160.9843,0,161.1218,0,161.2592,0,160.4351,0,159.8594,0,159.3884,0,158.9172,0,158.4462,0,157.9752,0,157.5044
0,147.027,0,146.4931,0,145.959,0,145.4247,0,145.8888,0,148.9298,0,150.674,0,150.6272,0,150.7708,0,150.9143,0,151.0578,0,151.2012,0,151.3447,0,151.4882,0,151.7794,0,152.9393,0,154.1503,0,155.2481,0,156.2525,0,157.2569,0,158.2607,0,159.2631,0,159.4872,0,159.7111,0,159.935,0,160.1588,0,160.3825,0,160.6062,0,160.772,0,160.4649,0,159.994,0,159.5229,0,159.0518,0,158.5808,0,158.1098,0,157.639
0,147.027,0,146.4931,0,145.959,0,145.4247,0,145.5647,0,148.6054,0,150.7698,0,150.723,0,150.8665,0,151.01,0,151.1535,0,151.297,0,151.4405,0,151.5839,0,151.8137,0,152.2045,0,153.2057,0,154.2086,0,155.2128,0,156.2176,0,157.2223,0,158.2265,0,158.4509,0,158.6752,0,158.8995,0,159.1238,0,159.348,0,159.5722,0,159.0999,0,159.2203,0,159.3405,0,159.4605,0,159.1864,0,158.7154,0,158.2444,0,157.7736
0,147.027,0,146.4931,0,145.959,0,145.4247,0,145.2407,0,148.281,0,150.8656,0,150.8188,0,150.9623,0,151.1058,0,151.2492,0,151.3927,0,151.5362,0,151.6887,0,152.0966,0,151.5023,0,152.1684,0,153.1698,0,154.173,0,155.1775,0,156.1826,0,157.1877,0,157.4123,0,157.637,0,157.8616,0,158.0862,0,158.3108,0,158.0278,0,157.4191,0,157.5412,0,157.6631,0,157.7849,0,157.9064,0,158.0277,0,158.1488,0,157.9082
0,147.027,0,146.4931,0,145.959,0,145.4247,0,144.9168,0,147.9564,0,150.9613,0,150.9145,0,151.058,0,151.2015,0,151.345,0,151.4884,0,151.6319,0,151.9716,0,152.3796,0,151.7851,0,151.1909,0,152.1322,0,153.1338,0,154.1374,0,155.1422,0,156.1476,0,156.3723,0,156.5971,0,156.8218,0,157.0466,0,156.9544,0,156.3441,0,155.7325,0,155.8561,0,155.9796,0,156.1028,0,156.2259,0,156.3488,0,156.4715,0,156.4732
0,147.027,0,146.4931,0,145.959,0,145.4247,0,144.8903,0,147.6319,0,150.672,0,151.0103,0,151.1537,0,151.2972,0,151.4407,0,151.5842,0,151.8466,0,152.2545,0,152.6626,0,152.0681,0,151.4737,0,151.0965,0,152.0959,0,153.0979,0,154.1017,0,155.1068,0,155.3314,0,155.5562,0,155.7809,0,155.8804,0,155.2689,0,154.6564,0,154.0429,0,154.1679,0,154.2926,0,154.4172,0,154.5417,0,154.6479,0,154.6422,0,154.6366
0,147.027,0,146.4931,0,145.959,0,145.4247,0,144.8903,0,147.3073,0,150.3482,0,151.106,0,151.2495,0,151.393,0,151.5364,0,151.7216,0,152.1295,0,152.5375,0,152.9456,0,152.3511,0,151.7566,0,151.1622,0,151.06,0,152.0597,0,153.0619,0,154.066,0,154.2904,0,154.515,0,154.7396,0,154.1943,0,153.5813,0,152.9676,0,152.3533,0,152.4794,0,152.6053,0,152.731,0,152.8133,0,152.8066,0,152.7998,0,152.7931
0,147.027,0,146.4931,0,145.959,0,145.4247,0,144.8903,0,146.9827,0,150.0243,0,151.2017,0,151.3452,0,151.4887,0,151.6321,0,152.0044,0,152.4124,0,152.8205,0,153.2287,0,152.6342,0,152.0395,0,151.445,0,150.8507,0,151.0235,0,152.0234,0,153.0259,0,153.25,0,153.4742,0,153.121,0,152.508,0,151.8945,0,151.2807,0,150.6667,0,150.7936,0,150.9204,0,150.9778,0,150.97,0,150.9622,0,150.9544,0,150.9466
0,147.027,0,146.4931,0,145.959,0,145.4247,0,144.8903,0,146.6582,0,149.7001,0,151.2975,0,151.4409,0,151.5844,0,151.8794,0,152.2874,0,152.6955,0,153.1036,0,153.5119,0,152.9173,0,152.3226,0,151.728,0,151.1334,0,150.5392,0,150.987,0,151.9871,0,152.2107,0,152.0498,0,151.4372,0,150.8243,0,150.2114,0,149.5986,0,148.9859,0,149.1135,0,149.145,0,149.1362,0,149.1274,0,149.1185,0,149.1097,0,149.1008
0,147.027,0,146.4931,0,145.959,0,145.4247,0,144.8903,0,146.3337,0,149.3759,0,151.3932,0,151.5367,0,151.7544,0,152.1623,0,152.5704,0,152.9785,0,153.3867,0,153.795,0,153.2004,0,152.6057,0,152.011,0,151.4163,0,150.8219,0,150.2278,0,150.9505,0,150.9814,0,150.3696,0,149.7578,0,149.1462,0,148.5349,0,147.9241,0,147.3138,0,147.3189,0,147.309,0,147.2992,0,147.2893,0,147.2794,0,147.2695,0,147.2596
0,147.027,0,146.4931,0,145.959,0,145.4247,0,144.8903,0,146.0093,0,149.0515,0,151.4889,0,151.6324,0,152.0373,0,152.4453,0,152.8534,0,153.2616,0,153.6699,0,154.0781,0,153.4836,0,152.8889,0,152.2941,0,151.6993,0,151.1047,0,150.5104,0,149.9165,0,149.597,0,149.2775,0,148.9579,0,148.6383,0,148.3186,0,147.999,0,147.6794,0,147.2208,0,146.7621,0,146.3035,0,145.8449,0,145.4486,0,145.4377,0,145.4268
0,147.027,0,146.4931,0,145.959,0,145.4247,0,144.8903,0,145.685,0,148.727,0,151.5847,0,151.9123,0,152.3202,0,152.7283,0,153.1365,0,153.5448,0,153.953,0,154.3612,0,153.7668,0,153.1721,0,152.5773,0,151.9824,0,151.3877,0,150.7465,0,149.9973,0,150.1661,0,149.8466,0,149.5271,0,149.2075,0,148.8878,0,148.5681,0,148.2484,0,147.7898,0,147.331,0,146.8721,0,146.4133,0,145.9544,0,145.4957,0,144.218
0,147.027,0,146.4931,0,145.959,0,145.4247,0,144.8903,0,145.3608,0,148.4024,0,151.441,0,152.1908,0,152.6033,0,153.0114,0,153.4196,0,153.8279,0,154.2361,0,154.6443,0,154.05,0,153.4554,0,152.8605,0,152.2656,0,151.5774,0,150.8274,0,150.0782,0,150.266,0,150.4157,0,150.0963,0,149.7768,0,149.4572,0,149.1375,0,148.8177,0,148.3591,0,147.9003,0,147.4413,0,146.9823,0,146.5232,0,145.2194,0,143.4194
0,147.027,0,146.4931,0,145.959,0,145.4247,0,144.8903,0,145.0367,0,148.0778,0,151.1176,0,151.7745,0,152.5777,0,153.2945,0,153.7028,0,154.111,0,154.5192,0,154.9273,0,154.3331,0,153.7386,0,153.1438,0,152.4088,0,151.6583,0,150.9083,0,150.1591,0,150.3468,0,150.5346,0,150.6654,0,150.346,0,150.0265,0,149.7069,0,149.3872,0,148.9287,0,148.4699,0,148.0109,0,147.5517,0,146.2226,0,144.4203,0,142.6201
0,147.027,0,146.4931,0,145.959,0,145.4247,0,144.8903,0,144.7128,0,147.7531,0,150.794,0,151.3609,0,152.1613,0,152.9648,0,153.7685,0,154.3941,0,154.8022,0,155.2102,0,154.6163,0,153.9907,0,153.2402,0,152.4897,0,151.7392,0,150.9892,0,150.2399,0,150.4277,0,150.6155,0,150.8033,0,150.915,0,150.5957,0,150.2762,0,149.9566,0,149.4983,0,149.0397,0,148.5808,0,147.2271,0,145.4237,0,143.6203,0,141.8205
0,147.027,0,146.4931,0,145.959,0,145.4247,0,144.8903,0,144.3891,0,147.4284,0,150.4702,0,151.0376,0,151.745,0,152.5483,0,153.352,0,154.1557,0,154.959,0,155.4931,0,154.8215,0,154.0715,0,153.3211,0,152.5705,0,151.8202,0,151.0702,0,150.3208,0,150.5086,0,150.6964,0,150.8842,0,151.072,0,151.1647,0,150.8454,0,150.526,0,150.068,0,149.6096,0,148.2324,0,146.4289,0,144.6234,0,142.8196,0,141.021
0,147.027,0,146.4931,0,145.959,0,145.4247,0,144.8903,0,144.356,0,147.1037,0,150.1462,0,150.714,0,151.3287,0,152.1319,0,152.9355,0,153.7392,0,154.5429,0,155.346,0,154.9022,0,154.1522,0,153.4019,0,152.6514,0,151.9011,0,151.151,0,150.4017,0,150.5894,0,150.7772,0,150.965,0,151.1528,0,151.3406,0,151.4144,0,151.0952,0,150.6376,0,149.2377,0,147.4352,0,145.6288,0,143.822,0,142.0184,0,140.2217
0,147.027,0,146.4931,0,145.959,0,145.4247,0,144.8903,0,144.356,0,146.779,0,149.822,0,150.3902,0,150.9576,0,151.7155,0,152.5189,0,153.3227,0,154.1265,0,154.93,0,154.5078,0,154.0855,0,153.4827,0,152.7323,0,151.982,0,151.2319,0,150.4825,0,150.6703,0,150.8581,0,151.0459,0,151.2337,0,151.4215,0,151.6093,0,151.664,0,150.2425,0,148.4421,0,146.6358,0,144.8272,0,143.0198,0,141.2172,0,139.423
0,147.027,0,146.4931,0,145.959,0,145.4247,0,144.8903,0,144.356,0,146.4544,0,149.4977,0,150.0663,0,150.634,0,151.2992,0,152.1024,0,152.9061,0,153.71,0,154.5138,0,154.0914,0,153.669,0,153.2465,0,152.8132,0,152.0628,0,151.3128,0,150.5634,0,150.7512,0,150.939,0,151.1267,0,151.3145,0,151.5023,0,151.525,0,151.5223,0,149.1535,0,147.364,0,145.5714,0,143.7791,0,141.9907,0,140.2095,0,138.4391
0,147.027,0,146.4931,0,145.959,0,145.4247,0,144.8903,0,144.356,0,146.1299,0,149.1732,0,149.7421,0,150.3103,0,150.883,0,151.6859,0,152.4895,0,153.2934,0,154.0973,0,153.6749,0,153.2524,0,152.8299,0,152.4075,0,151.9852,0,151.3937,0,150.6442,0,150.832,0,151.0198,0,151.125,0,151.1223,0,151.1196,0,151.1169,0,151.1141,0,148.4551,0,146.1137,0,144.3131,0,142.5152,0,140.7237,0,138.942,0,137.1734
0,147.027,0,146.4931,0,145.959,0,145.4247,0,144.8903,0,144.356,0,145.8054,0,148.8486,0,149.4178,0,149.9864,0,150.5541,0,151.2696,0,152.0729,0,152.8767,0,153.6808,0,153.2582,0,152.8357,0,152.4133,0,151.991,0,151.5688,0,151.1468,0,150.7251,0,150.7224,0,150.7196,0,150.7169,0,150.7141,0,150.7114,0,150.7086,0,150.7059,0,148.0436,0,145.3428,0,143.045,0,141.2433,0,139.4505,0,137.67,0,135.9051
0,147.027,0,146.4931,0,145.959,0,145.4247,0,144.8903,0,144.356,0,145.481,0,148.5239,0,149.0934,0,149.6623,0,150.2304,0,150.8534,0,151.6564,0,152.46,0,153.2641,0,152.8415,0,152.4191,0,151.9967,0,151.5745,0,151.1525,0,150.7307,0,150.7922,0,150.4191,0,150.3114,0,150.3086,0,150.3058,0,150.3031,0,150.3003,0,150.2975,0,147.6323,0,144.9302,0,142.2029,0,139.9645,0,138.1722,0,136.3947,0,134.6352
0,147.027,0,146.4931,0,145.959,0,145.4247,0,144.8903,0,144.356,0,145.1568,0,148.1992,0,148.7689,0,149.338,0,149.9065,0,150.4742,0,151.24,0,152.0434,0,152.8473,0,152.4248,0,152.0024,0,151.5802,0,151.1581,0,150.7363,0,150.6439,0,150.8593,0,150.4862,0,150.113,0,149.9004,0,149.8976,0,149.8948,0,149.892,0,149.8892,0,147.2212,0,144.5183,0,141.7918,0,139.0541,0,136.8902,0,135.1175,0,133.3651
0,147.027,0,146.4931,0,145.959,0,145.4247,0,144.8903,0,144.356,0,144.8327,0,147.8744,0,148.4443,0,149.0137,0,149.5824,0,150.1505,0,150.8237,0,151.6268,0,152.4306,0,152.0081,0,151.5859,0,151.1638,0,150.7419,0,150.4955,0,150.711,0,150.9264,0,150.5533,0,150.1801,0,149.807,0,149.4893,0,149.4865,0,149.4837,0,149.4809,0,146.8104,0,144.1069,0,141.3817,0,138.647,0,135.9154,0,133.8395,0,132.096
0,147.027,0,146.4931,0,145.959,0,145.4247,0,144.8903,0,144.356,0,144.5087,0,147.5496,0,148.1196,0,148.6892,0,149.2583,0,149.8267,0,150.4076,0,151.2103,0,152.0139,0,151.5915,0,151.1694,0,150.7475,0,150.3472,0,150.5626,0,150.7781,0,150.9935,0,150.6204,0,150.2473,0,149.8741,0,149.5008,0,149.1277,0,149.0754,0,149.0726,0,146.4,0,143.6961,0,140.9724,0,138.2412,0,135.5147,0,132.8054,0,130.8291
0,147.027,0,146.4931,0,145.959,0,145.4247,0,144.8903,0,144.356,0,144.185,0,147.2248,0,147.7949,0,148.3647,0,148.9339,0,149.5027,0,150.0707,0,150.794,0,151.5972,0,151.1751,0,150.7531,0,150.3315,0,150.4143,0,150.6297,0,150.8452,0,151.0606,0,150.6875,0,150.3144,0,149.9412,0,149.5679,0,149.1947,0,148.8216,0,148.6645,0,145.99,0,143.286,0,140.5641,0,137.8365,0,135.1257,0,132.4964,0,129.8954
0,147.027,0,146.4931,0,145.959,0,145.4247,0,144.8903,0,144.356,0,143.8615,0,146.9,0,147.4702,0,148.0401,0,148.6096,0,149.1785,0,149.7469,0,150.3779,0,151.1807,0,150.7587,0,150.3371,0,150.2659,0,150.4814,0,150.6968,0,150.9123,0,151.1277,0,150.7546,0,150.3815,0,150.0083,0,149.635,0,149.2618,0,148.8887,0,148.3631,0,146.0825,0,143.4562,0,140.8122,0,138.1616,0,135.5156,0,132.8855,0,130.2821
0,147.027,0,146.4931,0,145.959,0,145.4247,0,144.8903,0,144.356,0,143.8219,0,146.5752,0,147.1454,0,147.7154,0,148.2851,0,148.8543,0,149.4229,0,149.9908,0,150.7644,0,150.3426,0,150.1176,0,150.333,0,150.5485,0,150.7639,0,150.9794,0,151.1948,0,150.8218,0,150.4486,0,150.0754,0,149.7021,0,149.2599,0,148.7052,0,148.1506,0,146.0986,0,143.8374,0,141.1978,0,138.5499,0,135.9051,0,133.2745,0,130.6689
0,147.027,0,146.4931,0,145.959,0,145.4247,0,144.8903,0,144.356,0,143.8219,0,146.2505,0,146.8207,0,147.3908,0,147.9606,0,148.5299,0,149.0988,0,149.6671,0,150.3482,0,149.9692,0,150.1847,0,150.4001,0,150.6156,0,150.831,0,151.0465,0,151.2619,0,150.8889,0,150.5157,0,150.1425,0,149.6023,0,149.0475,0,148.4927,0,147.9382,0,145.8852,0,143.8166,0,141.5824,0,138.9376,0,136.2942,0,133.6633,0,131.0558
0,147.027,0,146.4931,0,145.959,0,145.4247,0,144.8903,0,144.356,0,143.8219,0,145.9259,0,146.4961,0,147.0661,0,147.636,0,148.2055,0,148.7746,0,149.3432,0,149.9323,0,150.0363,0,150.2518,0,150.4672,0,150.6827,0,150.8982,0,151.1136,0,151.329,0,150.956,0,150.4994,0,149.9447,0,149.3898,0,148.835,0,148.2802,0,147.7257,0,145.6719,0,143.603,0,141.5243,0,139.3246,0,136.6828,0,134.0518,0,131.4427
0,147.027,0,146.4931,0,145.959,0,145.4247,0,144.8903,0,144.356,0,143.8219,0,145.6014,0,146.1715,0,146.7415,0,147.3114,0,147.8811,0,148.4504,0,149.0191,0,149.5602,0,150.0718,0,150.2926,0,150.5133,0,150.734,0,150.9547,0,151.1755,0,151.3962,0,150.8418,0,150.2871,0,149.7322,0,149.1773,0,148.6224,0,148.0677,0,147.5132,0,145.4586,0,143.3895,0,141.3112,0,139.229,0,137.0708,0,134.4401,0,131.8296
0,147.027,0,146.4931,0,145.959,0,145.4247,0,144.8903,0,144.356,0,143.8219,0,145.2769,0,145.8469,0,146.4169,0,146.9869,0,147.5566,0,148.126,0,148.6724,0,149.201,0,150.0038,0,150.3118,0,150.5325,0,150.7532,0,150.974,0,151.1947,0,151.4154,0,150.7408,0,150.0747,0,149.5198,0,148.9648,0,148.4099,0,147.8551,0,147.3007,0,145.2454,0,143.1762,0,141.0982,0,139.0171,0,136.9381,0,134.8281,0,132.2164
0,147.027,0,146.4931,0,145.959,0,145.4247,0,144.8903,0,144.356,0,143.8219,0,144.9527,0,145.5225,0,146.0924,0,146.6623,0,147.2321,0,147.7837,0,148.3129,0,148.8417,0,149.6448,0,150.331,0,150.5517,0,150.7725,0,150.9932,0,151.2139,0,151.4346,0,150.76,0,150.0849,0,149.4096,0,148.7522,0,148.1973,0,147.6426,0,147.0882,0,145.0323,0,142.963,0,140.8855,0,138.8053,0,136.7279,0,134.6587,0,132.6031
0,147.027,0,146.4931,0,145.959,0,145.4247,0,144.8903,0,144.356,0,143.8219,0,144.6286,0,145.1982,0,145.768,0,146.3379,0,146.8943,0,147.4239,0,147.9532,0,148.4823,0,149.2855,0,150.0885,0,150.571,0,150.7917,0,151.0124,0,151.2331,0,151.4538,0,150.7792,0,150.1042,0,149.4288,0,148.7534,0,148.078,0,147.43,0,146.8758,0,144.8192,0,142.7499,0,140.7042,0,138.738,0,136.7744,0,134.818,0,132.8734
0,147.027,0,146.4931,0,145.959,0,145.4247,0,144.8903,0,144.356,0,143.8219,0,144.3046,0,144.8741,0,145.4437,0,146.0047,0,146.5344,0,147.0641,0,147.5935,0,148.1227,0,148.9261,0,149.7294,0,150.532,0,150.8109,0,151.0317,0,151.2524,0,151.4731,0,150.7985,0,150.1234,0,149.448,0,148.7726,0,148.0972,0,147.4221,0,146.6477,0,144.8925,0,142.937,0,140.9744,0,139.0091,0,137.0459,0,135.0893,0,133.1438
0,147.027,0,146.4931,0,145.959,0,145.4247,0,144.8903,0,144.356,0,143.8219,0,143.9809,0,144.5501,0,145.1154,0,145.645,0,146.1747,0,146.7043,0,147.2338,0,147.7631,0,148.5666,0,149.3701,0,150.1731,0,150.8302,0,151.0509,0,151.2716,0,151.4923,0,150.8177,0,150.1426,0,149.4673,0,148.7918,0,148.1164,0,147.3165,0,146.3922,0,144.8613,0,143.205,0,141.2441,0,139.28,0,137.3173,0,135.3605,0,133.4142
0,147.027,0,146.4931,0,145.959,0,145.4247,0,144.8903,0,144.356,0,143.8219,0,143.6574,0,144.2263,0,144.756,0,145.2854,0,145.815,0,146.3446,0,146.8741,0,147.4035,0,148.207,0,149.0106,0,149.814,0,150.6168,0,151.0701,0,151.2908,0,151.5115,0,150.8369,0,150.1619,0,149.4865,0,148.811,0,147.9858,0,147.0609,0,146.1366,0,144.6052,0,143.0671,0,141.5136,0,139.5506,0,137.5885,0,135.6316,0,133.6846
0,147.027,0,146.4931,0,145.959,0,145.4247,0,144.8903,0,144.356,0,143.8219,0,143.3341,0,143.8678,0,144.3968,0,144.926,0,145.4554,0,145.985,0,146.5145,0,147.0439,0,147.8474,0,148.6511,0,149.4547,0,150.2578,0,151.0603,0,151.3101,0,151.5307,0,150.8562,0,150.1811,0,149.5057,0,148.6555,0,147.7302,0,146.8053,0,145.8811,0,144.349,0,142.8107,0,141.2683,0,139.724,0,137.8595,0,135.9026,0,133.955
0,147.027,0,146.4931,0,145.959,0,145.4247,0,144.8903,0,144.356,0,143.8219,0,143.3273,0,143.5129,0,144.0378,0,144.5668,0,145.096,0,145.6254,0,146.1549,0,146.6843,0,147.4877,0,148.2914,0,149.0952,0,149.8987,0,150.7016,0,151.3293,0,151.55,0,150.8754,0,150.2003,0,149.3254,0,148.4,0,147.4746,0,146.5496,0,145.6255,0,144.093,0,142.5545,0,141.0123,0,139.4686,0,137.9257,0,136.1735,0,134.2254
0,147.027,0,146.4931,0,145.959,0,145.4247,0,144.8903,0,144.356,0,143.8219,0,143.3731,0,143.5588,0,143.7445,0,144.2078,0,144.7368,0,145.266,0,145.7954,0,146.3247,0,147.1279,0,147.9316,0,148.7355,0,149.5393,0,150.3426,0,151.1451,0,151.5692,0,150.8946,0,149.9952,0,149.07,0,148.1444,0,147.2189,0,146.2939,0,145.37,0,143.837,0,142.2984,0,140.7565,0,139.2135,0,137.6716,0,136.133,0,134.4957
0,147.027,0,146.4931,0,145.959,0,145.4247,0,144.8903,0,144.356,0,143.8219,0,143.419,0,143.6047,0,143.7904,0,143.9761,0,144.3778,0,144.9068,0,145.436,0,145.9653,0,146.7682,0,147.5718,0,148.3758,0,149.1797,0,149.9833,0,150.7864,0,151.5884,0,150.6649,0,149.7401,0,148.8145,0,147.8887,0,146.9631,0,146.0382,0,145.1144,0,143.581,0,142.0425,0,140.5009,0,138.9586,0,137.5059,0,136.6014,0,135.6983
0,147.027,0,146.4931,0,145.959,0,145.4247,0,144.8903,0,144.356,0,143.8219,0,143.4649,0,143.6506,0,143.8363,0,144.022,0,144.2077,0,144.5478,0,145.0768,0,145.6059,0,146.4086,0,147.212,0,148.0159,0,148.82,0,149.5869,0,150.2556,0,150.9238,0,150.106,0,149.2874,0,148.4682,0,147.6329,0,146.7073,0,145.7824,0,144.8589,0,143.3252,0,141.7867,0,140.762,0,139.8559,0,138.9497,0,138.0437,0,137.1384
0,147.027,0,146.4931,0,145.959,0,145.4247,0,144.8903,0,144.356,0,143.8219,0,143.5107,0,143.6964,0,143.8821,0,144.0678,0,144.2535,0,144.4392,0,144.7177,0,145.2467,0,146.049,0,146.8522,0,147.582,0,148.2513,0,148.9206,0,149.5898,0,150.2585,0,149.44,0,148.621,0,147.8017,0,146.9826,0,146.1639,0,145.346,0,144.567,0,144.0108,0,143.109,0,142.2053,0,141.3003,0,140.3945,0,139.4881,0,138.5818
0,147.027,0,146.4931,0,145.959,0,145.4247,0,144.8903,0,144.356,0,143.8219,0,143.5566,0,143.7423,0,143.928,0,144.1137,0,144.2994,0,144.4851,0,144.6708,0,144.8876,0,145.5787,0,146.2469,0,146.9157,0,147.5849,0,148.2543,0,148.9236,0,149.5927,0,148.7738,0,147.9545,0,147.1354,0,146.3166,0,145.4985,0,144.6842,0,144.1109,0,144.4488,0,144.5462,0,143.6455,0,142.7427,0,141.8384,0,140.9329,0,140.0267
0,147.027,0,146.4931,0,145.959,0,145.4247,0,144.8903,0,144.356,0,143.8219,0,143.6025,0,143.7882,0,143.9739,0,144.1596,0,144.3453,0,144.531,0,144.7167,0,144.9036,0,144.914,0,145.5816,0,146.2499,0,146.9187,0,147.5879,0,148.2572,0,148.9265,0,148.1073,0,147.2882,0,146.4693,0,145.6511,0,144.8339,0,144.2282,0,143.6546,0,143.9927,0,144.3307,0,144.6686,0,144.1814,0,143.2797,0,142.3762,0,141.4713
0,147.027,0,146.4931,0,145.959,0,145.4247,0,144.8903,0,144.356,0,143.8219,0,143.6483,0,143.834,0,144.0197,0,144.2054,0,144.3911,0,144.5768,0,144.7625,0,144.9509,0,144.9144,0,144.917,0,145.5846,0,146.2528,0,146.9216,0,147.5908,0,148.2601,0,147.441,0,146.622,0,145.8037,0,144.9864,0,144.3455,0,143.7719,0,143.1982,0,143.5364,0,143.8745,0,144.2125,0,144.5505,0,144.7165,0,143.8161,0,142.9136
0,147.027,0,146.4931,0,145.959,0,145.4247,0,144.8903,0,144.356,0,143.8219,0,143.6942,0,143.8799,0,144.0656,0,144.2513,0,144.437,0,144.6227,0,144.8085,0,144.9981,0,144.9617,0,144.9252,0,144.92,0,145.5875,0,146.2558,0,146.9246,0,147.5938,0,146.7748,0,145.9564,0,145.1388,0,144.4628,0,143.8893,0,143.3156,0,142.7418,0,143.08,0,143.4181,0,143.7562,0,144.0943,0,144.4323,0,144.7702,0,144.3519
0,147.027,0,146.4931,0,145.959,0,145.4247,0,144.8903,0,144.356,0,143.8219,0,143.7401,0,143.9258,0,144.1115,0,144.2972,0,144.4829,0,144.6686,0,144.8558,0,145.0454,0,145.0089,0,144.9724,0,144.936,0,144.9229,0,145.5905,0,146.2588,0,146.9276,0,146.109,0,145.2913,0,144.58,0,144.0066,0,143.4329,0,142.8591,0,142.2854,0,142.6235,0,142.9617,0,143.2998,0,143.638,0,143.9761,0,144.3465,0,144.8783
0,147.027,0,146.4931,0,145.959,0,145.4247,0,144.8903,0,144.356,0,143.8219,0,143.7859,0,143.9716,0,144.1573,0,144.343,0,144.5287,0,144.7144,0,144.903,0,145.0926,0,145.0562,0,145.0197,0,144.9832,0,144.9467,0,144.9259,0,145.5935,0,146.2617,0,145.4439,0,144.6973,0,144.1239,0,143.5503,0,142.9765,0,142.4027,0,141.829,0,142.1671,0,142.5052,0,142.8434,0,143.2031,0,143.7354,0,144.2674,0,144.7992
0,147.027,0,146.4931,0,145.959,0,145.4247,0,144.8903,0,144.356,0,143.8219,0,143.8318,0,144.0175,0,144.2032,0,144.3889,0,144.5746,0,144.7607,0,144.9503,0,145.1399,0,145.1034,0,145.0669,0,145.0305,0,144.994,0,144.9575,0,144.9289,0,145.5964,0,144.8146,0,144.2412,0,143.6676,0,143.0938,0,142.52,0,141.9463,0,141.3728,0,141.7107,0,142.0596,0,142.5918,0,143.1241,0,143.6563,0,144.1884,0,144.7202
0,147.027,0,146.4931,0,145.959,0,145.4247,0,144.8903,0,144.356,0,143.8219,0,143.8777,0,144.0634,0,144.2491,0,144.4348,0,144.6205,0,144.8079,0,144.9975,0,145.1871,0,145.1507,0,145.1142,0,145.0777,0,145.0412,0,145.0048,0,144.9683,0,144.9318,0,144.3585,0,143.7849,0,143.2112,0,142.6374,0,142.0636,0,141.49,0,140.9167,0,141.4485,0,141.9806,0,142.5128,0,143.0451,0,143.5773,0,144.1093,0,144.6412
0,147.027,0,146.4931,0,145.959,0,145.4247,0,144.8903,0,144.356,0,143.8219,0,143.9236,0,144.1093,0,144.295,0,144.4806,0,144.6663,0,144.8552,0,145.0448,0,145.2344,0,145.1979,0,145.1614,0,145.125,0,145.0885,0,145.052,0,145.0157,0,144.995,0,144.9625,0,144.3892,0,143.8155,0,143.2417,0,142.6679,0,142.0941,0,141.5204,0,141.7013,0,141.9016,0,142.4338,0,142.966,0,143.4982,0,144.0303,0,144.5621
0,147.027,0,146.4931,0,145.959,0,145.4247,0,144.8903,0,144.356,0,143.8294,0,143.9694,0,144.1551,0,144.3408,0,144.5265,0,144.7128,0,144.9024,0,145.092,0,145.2816,0,145.2452,0,145.2087,0,145.1722,0,145.1358,0,145.0996,0,145.0789,0,145.0582,0,145.117,0,144.9932,0,144.4198,0,143.8461,0,143.2723,0,142.6984,0,142.1245,0,142.3054,0,142.4863,0,142.6671,0,142.887,0,143.4192,0,143.9512,0,144.4831
0,147.027,0,146.4931,0,145.959,0,145.4247,0,144.8903,0,144.356,0,143.8752,0,144.0153,0,144.201,0,144.3867,0,144.5724,0,144.7601,0,144.9497,0,145.1393,0,145.3289,0,145.2924,0,145.256,0,145.2195,0,145.1835,0,145.1628,0,145.1421,0,145.1214,0,145.1801,0,145.2389,0,145.0238,0,144.4504,0,143.8767,0,143.3029,0,142.7289,0,142.9098,0,143.0906,0,143.2714,0,143.4522,0,143.633,0,143.8722,0,144.4041
0,147.027,0,146.4931,0,145.959,0,145.4247,0,144.8903,0,144.356,0,143.9211,0,144.0612,0,144.2469,0,144.4326,0,144.6182,0,144.8073,0,144.9969,0,145.1865,0,145.3762,0,145.3397,0,145.3032,0,145.2674,0,145.2467,0,145.226,0,145.2053,0,145.1846,0,145.2433,0,145.3021,0,145.3608,0,145.0545,0,144.4811,0,143.9073,0,143.3334,0,143.5143,0,143.695,0,143.8758,0,144.0565,0,144.2371,0,144.4177,0,144.5467
0,147.027,0,146.4931,0,145.959,0,145.4247,0,144.8903,0,144.356,0,143.967,0,144.107,0,144.2927,0,144.4784,0,144.665,0,144.8546,0,145.0442,0,145.2338,0,145.4234,0,145.3869,0,145.3513,0,145.3306,0,145.3099,0,145.2892,0,145.2685,0,145.2478,0,145.3065,0,145.3653,0,145.424,0,145.4828,0,145.0852,0,144.5117,0,143.938,0,144.1187,0,144.2994,0,144.48,0,144.6606,0,144.8294,0,144.9257,0,145.022
0,147.027,0,146.4931,0,145.959,0,145.4247,0,144.8903,0,144.356,0,144.0129,0,144.1529,0,144.3386,0,144.5243,0,144.7122,0,144.9018,0,145.0914,0,145.2811,0,145.4707,0,145.4352,0,145.4145,0,145.3938,0,145.3731,0,145.3524,0,145.3317,0,145.311,0,145.3697,0,145.4285,0,145.4872,0,145.5459,0,145.6047,0,145.1159,0,144.5424,0,144.723,0,144.9035,0,145.084,0,145.2084,0,145.3047,0,145.4011,0,145.4975
0,147.027,0,146.4931,0,145.959,0,145.4247,0,144.8903,0,144.356,0,144.0588,0,144.1988,0,144.3845,0,144.5702,0,144.7595,0,144.9491,0,145.1387,0,145.3283,0,145.4878,0,145.4984,0,145.4777,0,145.457,0,145.4363,0,145.4156,0,145.3949,0,145.3742,0,145.4329,0,145.4917,0,145.5504,0,145.6091,0,145.6679,0,145.7196,0,145.1465,0,145.327,0,145.491,0,145.5874,0,145.6838,0,145.7802,0,145.8766,0,145.973
0,147.027,0,146.4931,0,145.959,0,145.4247,0,144.8903,0,144.356,0,144.1046,0,144.2446,0,144.4303,0,144.6171,0,144.8067,0,144.9963,0,145.186,0,145.2859,0,145.1437,0,145.302,0,145.4604,0,145.5202,0,145.4995,0,145.4788,0,145.4581,0,145.4374,0,145.4961,0,145.5549,0,145.6136,0,145.6723,0,145.7311,0,145.7898,0,145.7503,0,145.87,0,145.9664,0,146.0628,0,146.1592,0,146.2557,0,146.3521,0,146.4486
0,147.027,0,146.4931,0,145.959,0,145.4247,0,144.8903,0,144.356,0,144.1505,0,144.2905,0,144.4762,0,144.6644,0,144.854,0,145.0436,0,145.0839,0,144.9417,0,144.7994,0,144.9578,0,145.1162,0,145.2746,0,145.4329,0,145.542,0,145.5213,0,145.5006,0,145.5593,0,145.618,0,145.6768,0,145.7117,0,145.612,0,145.5121,0,145.4123,0,145.8912,0,146.3701,0,146.5382,0,146.6347,0,146.7311,0,146.8276,0,146.9241
0,147.027,0,146.4931,0,145.959,0,145.4247,0,144.8903,0,144.356,0,144.1964,0,144.3364,0,144.5221,0,144.7116,0,144.9012,0,144.8819,0,144.7397,0,144.5974,0,144.455,0,144.6135,0,144.7719,0,144.9303,0,145.0887,0,145.2471,0,145.4054,0,145.5638,0,145.4639,0,145.3641,0,145.2643,0,145.1644,0,145.0646,0,144.9647,0,144.8648,0,145.3439,0,145.8229,0,146.3019,0,146.7809,0,147.2065,0,147.303,0,147.3994
0,147.027,0,146.4931,0,145.959,0,145.4247,0,144.8903,0,144.356,0,144.2423,0,144.3822,0,144.5693,0,144.7589,0,144.6799,0,144.5376,0,144.3953,0,144.2529,0,144.1105,0,144.269,0,144.4275,0,144.586,0,144.7444,0,144.9029,0,145.0613,0,145.2233,0,144.9354,0,144.8167,0,144.7168,0,144.6168,0,144.5169,0,144.417,0,144.317,0,144.7962,0,145.2754,0,145.7546,0,146.2338,0,146.7128,0,147.1917,0,147.5876
0,147.027,0,146.4931,0,145.959,0,145.4247,0,144.8903,0,144.356,0,144.2882,0,144.4281,0,144.6165,0,144.4779,0,144.3356,0,144.1932,0,144.0508,0,143.9084,0,143.7659,0,143.9245,0,144.083,0,144.2415,0,144.4,0,144.5585,0,144.7186,0,144.8827,0,144.5947,0,144.3066,0,144.169,0,144.0691,0,143.9691,0,143.8691,0,143.7692,0,144.2482,0,144.7275,0,145.2068,0,145.6862,0,146.1655,0,146.4769,0,146.6269
0,147.027,0,146.4931,0,145.959,0,145.4247,0,144.8903,0,144.356,0,144.334,0,144.4403,0,144.2759,0,144.1336,0,143.9912,0,143.8488,0,143.7063,0,143.5638,0,143.4213,0,143.5799,0,143.7384,0,143.897,0,144.0555,0,144.214,0,144.3779,0,144.542,0,144.254,0,143.9658,0,143.6777,0,143.5212,0,143.4212,0,143.3213,0,143.2213,0,143.7002,0,144.1794,0,144.6588,0,145.1382,0,145.3647,0,145.5148,0,145.6648
0,147.027,0,146.4931,0,145.959,0,145.4247,0,144.8903,0,144.356,0,144.3799,0,144.2501,0,143.9335,0,143.7892,0,143.6467,0,143.5043,0,143.3618,0,143.2192,0,143.0767,0,143.2353,0,143.3938,0,143.5524,0,143.7109,0,143.8729,0,144.0371,0,144.2013,0,143.9132,0,143.6251,0,143.3369,0,143.0487,0,142.8734,0,142.7734,0,142.6734,0,143.1522,0,143.6312,0,144.1019,0,144.2519,0,144.4019,0,144.552,0,144.702
0,147.027,0,146.4931,0,145.959,0,145.4247,0,144.8903,0,144.356,0,144.4258,0,144.0598,0,143.7432,0,143.4447,0,143.3022,0,143.1597,0,143.0172,0,142.8746,0,142.7321,0,142.8906,0,143.0492,0,143.2077,0,143.3677,0,143.5321,0,143.6964,0,143.8606,0,143.5725,0,143.2843,0,142.9961,0,142.7079,0,142.4198,0,142.2257,0,142.1258,0,142.6042,0,142.9894,0,143.1393,0,143.2892,0,143.4391,0,143.589,0,143.739
0,147.027,0,146.4931,0,145.959,0,145.4247,0,144.8903,0,144.356,0,144.4717,0,143.8696,0,143.5529,0,143.2362,0,142.9577,0,142.8152,0,142.6726,0,142.5301,0,142.3875,0,142.546,0,142.7045,0,142.8631,0,143.0269,0,143.1913,0,143.3556,0,143.5199,0,143.2317,0,142.9436,0,142.6554,0,142.3673,0,142.0792,0,141.7912,0,141.5784,0,141.8782,0,142.0277,0,142.1773,0,142.327,0,142.4767,0,142.6265,0,142.7763
0,147.027,0,146.4931,0,145.959,0,145.4247,0,144.8903,0,144.3776,0,144.5175,0,143.6793,0,143.3625,0,143.0458,0,142.7291,0,142.4707,0,142.3281,0,142.1855,0,142.0429,0,142.2014,0,142.3599,0,142.5217,0,142.6861,0,142.8505,0,143.0148,0,143.1792,0,142.891,0,142.6029,0,142.3148,0,142.0268,0,141.7388,0,141.4361,0,141.0828,0,141.1167,0,141.1506,0,141.2166,0,141.366,0,141.5154,0,141.6649,0,141.8144
0,147.027,0,146.4931,0,145.959,0,145.4247,0,144.8903,0,144.4235,0,144.5634,0,143.4889,0,143.1722,0,142.8554,0,142.5387,0,142.2219,0,141.9836,0,141.841,0,141.6984,0,141.8569,0,142.0166,0,142.181,0,142.3454,0,142.5098,0,142.6742,0,142.8385,0,142.5504,0,142.2623,0,141.9743,0,141.6766,0,141.3233,0,140.9699,0,140.6165,0,140.6505,0,140.6844,0,140.7183,0,140.7522,0,140.7862,0,140.8201,0,140.854
0,147.027,0,146.4931,0,145.959,0,145.4247,0,144.8903,0,144.4693,0,144.6093,0,143.2985,0,142.9818,0,142.665,0,142.3482,0,142.0315,0,141.7149,0,141.4967,0,141.3541,0,141.5125,0,141.676,0,141.8404,0,142.0048,0,142.1692,0,142.3336,0,142.4979,0,142.2099,0,141.917,0,141.5638,0,141.2104,0,140.857,0,140.5036,0,140.1501,0,140.184,0,140.218,0,140.2519,0,140.2859,0,140.3198,0,140.4044,0,141.1675
0,147.027,0,146.4931,0,145.959,0,145.4247,0,144.8903,0,144.5152,0,144.6552,0,143.1081,0,142.7913,0,142.4745,0,142.1578,0,141.8411,0,141.5245,0,141.2079,0,141.0098,0,141.1712,0,141.3356,0,141.5,0,141.6644,0,141.8287,0,141.9931,0,142.1574,0,141.8043,0,141.451,0,141.0976,0,140.7441,0,140.3906,0,140.0371,0,139.6835,0,139.7175,0,139.7515,0,139.7855,0,139.8195,0,139.9547,0,140.7179,0,141.481
0,147.027,0,146.4931,0,145.959,0,145.4247,0,144.8903,0,144.5611,0,144.701,0,142.9177,0,142.6009,0,142.2841,0,141.9674,0,141.6507,0,141.3341,0,141.0176,0,140.779,0,141.0173,0,141.2418,0,141.4663,0,141.6908,0,141.9153,0,142.1398,0,142.3643,0,141.5741,0,140.9846,0,140.6311,0,140.2776,0,139.924,0,139.5705,0,139.217,0,139.251,0,139.285,0,139.319,0,139.5049,0,140.2682,0,141.0315,0,141.7945
0,147.027,0,146.4931,0,145.959,0,145.4247,0,144.8903,0,144.607,0,144.7469,0,142.7272,0,142.4104,0,142.0936,0,141.7769,0,141.4603,0,141.1437,0,140.8273,0,140.9256,0,141.224,0,141.4486,0,141.6731,0,141.8976,0,142.1221,0,142.3466,0,142.5711,0,141.781,0,140.9904,0,140.1995,0,139.8109,0,139.4574,0,139.1039,0,138.7504,0,138.7845,0,138.8185,0,139.055,0,139.8183,0,140.5817,0,141.3451,0,142.1081
0,147.027,0,146.4931,0,145.959,0,145.4247,0,144.8903,0,144.6529,0,144.7928,0,142.5367,0,142.2199,0,141.9032,0,141.5865,0,141.2699,0,140.9534,0,140.637,0,141.0721,0,141.376,0,141.6554,0,141.8799,0,142.1045,0,142.329,0,142.5535,0,142.778,0,141.9879,0,141.1972,0,140.4063,0,139.6153,0,138.9907,0,138.6373,0,138.284,0,138.318,0,138.6051,0,139.3683,0,140.1318,0,140.8954,0,141.6587,0,142.4216
0,147.027,0,146.4931,0,145.959,0,145.4247,0,144.8903,0,144.6988,0,144.8097,0,142.3463,0,142.0295,0,141.7127,0,141.3961,0,141.0795,0,140.7631,0,140.6783,0,141.2187,0,141.5226,0,141.8265,0,142.0868,0,142.3113,0,142.5359,0,142.7604,0,142.9848,0,142.1948,0,141.4041,0,140.6131,0,139.822,0,139.0311,0,138.2407,0,137.8177,0,138.1553,0,138.9183,0,139.6818,0,140.4455,0,141.2091,0,141.9724,0,142.7351
0,147.027,0,146.4931,0,145.959,0,145.4247,0,144.8903,0,144.7446,0,144.6196,0,142.1558,0,141.839,0,141.5223,0,141.2056,0,140.8891,0,140.5728,0,140.8249,0,141.3654,0,141.6692,0,141.9731,0,142.2771,0,142.5182,0,142.7428,0,142.9672,0,143.1917,0,142.4018,0,141.6111,0,140.82,0,140.0287,0,139.2376,0,138.447,0,137.6777,0,138.4461,0,139.2151,0,139.9846,0,140.7542,0,141.5229,0,142.2861,0,143.0486
0,147.027,0,146.4931,0,145.959,0,145.4247,0,144.8903,0,144.7905,0,144.4294,0,141.9653,0,141.6485,0,141.3318,0,141.0153,0,140.6988,0,140.4311,0,140.9715,0,141.512,0,141.8158,0,142.1198,0,142.4238,0,142.7252,0,142.9497,0,143.1741,0,143.3986,0,142.6088,0,141.8181,0,141.027,0,140.2356,0,139.4443,0,138.6839,0,137.9291,0,138.6976,0,139.4668,0,140.2362,0,141.0057,0,141.775,0,142.5437,0,143.3876
0,147.027,0,146.4931,0,145.959,0,145.4247,0,144.8903,0,144.8364,0,144.2391,0,141.7748,0,141.458,0,141.1414,0,140.8249,0,140.5085,0,140.5777,0,141.1181,0,141.6586,0,141.9625,0,142.2664,0,142.5704,0,142.8744,0,143.1566,0,143.381,0,143.6054,0,142.8158,0,142.0252,0,141.234,0,140.4477,0,139.6913,0,138.9355,0,138.1806,0,138.9492,0,139.7183,0,140.4877,0,141.2571,0,142.0261,0,142.8631,0,143.7331
0,147.027,0,146.4931,0,145.959,0,145.4247,0,144.8903,0,144.8823,0,144.0488,0,141.5843,0,141.2676,0,140.951,0,140.6345,0,140.3182,0,140.7243,0,141.2647,0,141.8052,0,142.1091,0,142.4131,0,142.7171,0,143.0211,0,143.3251,0,143.5879,0,143.8123,0,143.0228,0,142.2323,0,141.4561,0,140.6994,0,139.943,0,139.1871,0,138.432,0,139.2007,0,139.9699,0,140.7392,0,141.5084,0,142.3384,0,143.2086,0,144.0786
0,147.027,0,146.4931,0,145.959,0,145.4247,0,144.8903,0,144.9281,0,143.8584,0,141.3938,0,141.0772,0,140.7606,0,140.4442,0,140.3305,0,140.8709,0,141.4114,0,141.9518,0,142.2557,0,142.5597,0,142.8637,0,143.1677,0,143.4716,0,143.7756,0,144.0191,0,143.2298,0,142.464,0,141.7075,0,140.9509,0,140.1946,0,139.4387,0,138.6835,0,139.4523,0,140.2214,0,140.9906,0,141.8136,0,142.6839,0,143.5542,0,144.4241
0,147.027,0,146.4931,0,145.959,0,145.4247,0,144.8903,0,144.974,0,143.668,0,141.2034,0,140.8867,0,140.5703,0,140.254,0,140.4771,0,141.0175,0,141.558,0,142.0984,0,142.4024,0,142.7063,0,143.0103,0,143.3142,0,143.6182,0,143.9221,0,144.2259,0,143.4708,0,142.715,0,141.9588,0,141.2024,0,140.4462,0,139.6902,0,138.9349,0,139.7038,0,140.4728,0,141.2887,0,142.159,0,143.0295,0,143.8999,0,144.7697
0,147.027,0,146.4931,0,145.959,0,145.4247,0,144.8903,0,145.0199,0,143.4776,0,141.0129,0,140.6964,0,140.38,0,140.0833,0,140.6236,0,141.1641,0,141.7046,0,142.245,0,142.549,0,142.8529,0,143.1569,0,143.4608,0,143.7647,0,144.1381,0,144.5764,0,143.7824,0,142.9879,0,142.21,0,141.4538,0,140.6976,0,139.9417,0,139.1864,0,139.9552,0,140.7638,0,141.6339,0,142.5046,0,143.3752,0,144.2456,0,145.1152
0,147.027,0,146.4931,0,145.959,0,145.4247,0,144.9259,0,145.0658,0,143.2871,0,140.8225,0,140.506,0,140.1897,0,140.2298,0,140.7702,0,141.3108,0,141.8513,0,142.3916,0,142.6956,0,142.9995,0,143.3034,0,143.6118,0,144.0501,0,144.4885,0,144.927,0,144.133,0,143.3384,0,142.5435,0,141.7487,0,140.9541,0,140.1932,0,139.4378,0,140.2391,0,141.1089,0,141.9794,0,142.8503,0,143.721,0,144.5913,0,145.4606
0,147.027,0,146.4931,0,145.959,0,145.4247,0,144.9718,0,145.1116,0,143.0966,0,140.6321,0,140.3157,0,139.9994,0,140.3764,0,140.9169,0,141.4574,0,141.9979,0,142.5382,0,142.8422,0,143.1461,0,143.5239,0,143.9622,0,144.4006,0,144.8391,0,145.2776,0,144.4837,0,143.689,0,142.8939,0,142.0988,0,141.3038,0,140.5093,0,139.6964,0,140.4717,0,141.3254,0,142.1797,0,143.0342,0,143.8885,0,144.7422,0,145.595
0,147.027,0,146.4931,0,145.959,0,145.4247,0,145.0177,0,145.1575,0,142.9061,0,140.4417,0,140.1254,0,139.9826,0,140.523,0,141.0635,0,141.604,0,142.1445,0,142.6848,0,142.9977,0,143.4359,0,143.8743,0,144.3127,0,144.7513,0,145.1898,0,145.6283,0,144.8345,0,144.0398,0,143.2446,0,142.4492,0,141.6538,0,140.8421,0,139.9742,0,140.5482,0,141.3192,0,142.1735,0,143.0279,0,143.8822,0,144.736,0,145.5887
0,147.027,0,146.4931,0,145.959,0,145.4247,0,145.0636,0,145.1793,0,142.7156,0,140.2514,0,139.9351,0,140.1292,0,140.6696,0,141.2101,0,141.7507,0,142.2911,0,143.0035,0,143.3479,0,143.7863,0,144.2248,0,144.6634,0,145.102,0,145.5406,0,145.9791,0,145.1854,0,144.3908,0,143.5955,0,142.7998,0,141.9901,0,141.1203,0,140.2521,0,140.8262,0,141.4008,0,142.1672,0,143.0217,0,143.876,0,144.7297,0,145.5825
0,147.027,0,146.4931,0,145.959,0,145.4247,0,145.1094,0,144.9892,0,142.525,0,140.0611,0,139.7449,0,140.2757,0,140.8162,0,141.3568,0,142.011,0,142.8045,0,143.5983,0,143.8488,0,144.1369,0,144.5755,0,145.0142,0,145.4528,0,145.8913,0,146.3298,0,145.5364,0,144.7419,0,143.9466,0,143.1394,0,142.2684,0,141.3985,0,140.5301,0,141.1043,0,141.679,0,142.254,0,143.0154,0,143.8697,0,144.7234,0,145.5762
0,147.027,0,146.4931,0,145.959,0,145.4247,0,145.1553,0,144.799,0,142.3345,0,139.8708,0,139.8819,0,140.4223,0,141.0182,0,141.8113,0,142.6052,0,143.3994,0,144.1937,0,144.4443,0,144.6947,0,144.9451,0,145.365,0,145.8036,0,146.2421,0,146.6805,0,145.8874,0,145.0931,0,144.2892,0,143.4177,0,142.5467,0,141.6767,0,140.808,0,141.3823,0,141.9571,0,142.5321,0,143.1073,0,143.8634,0,144.7171,0,145.5699
0,147.027,0,146.4931,0,145.959,0,145.4247,0,145.2012,0,144.6088,0,142.1439,0,139.6806,0,140.0285,0,140.818,0,141.6115,0,142.4056,0,143.2003,0,143.9951,0,144.7897,0,145.0403,0,145.2907,0,145.5411,0,145.7913,0,146.1545,0,146.5929,0,147.0311,0,146.2384,0,145.4386,0,144.5672,0,143.6958,0,142.8249,0,141.9548,0,141.0859,0,141.6603,0,142.2351,0,142.8101,0,143.3853,0,143.9604,0,144.7109,0,145.5637
0,147.027,0,146.4931,0,145.959,0,145.4247,0,145.2471,0,144.4185,0,141.9533,0,139.6959,0,140.6178,0,141.4114,0,142.2059,0,143.001,0,143.7962,0,144.5914,0,145.3862,0,145.6367,0,145.8871,0,146.1373,0,146.3874,0,146.6373,0,146.9436,0,147.3817,0,146.5865,0,145.716,0,144.8449,0,143.9738,0,143.103,0,142.2328,0,141.3638,0,141.9383,0,142.5131,0,143.088,0,143.6631,0,144.2381,0,144.8129,0,145.5574
0,147.027,0,146.4931,0,145.959,0,145.4247,0,145.2929,0,144.2281,0,141.7628,0,139.9852,0,141.2064,0,142.006,0,142.8014,0,143.5971,0,144.3928,0,145.1882,0,145.983,0,146.2334,0,146.4836,0,146.7337,0,146.9836,0,147.2333,0,147.4828,0,147.7322,0,146.8632,0,145.9931,0,145.1225,0,144.2516,0,143.3809,0,142.5108,0,141.6417,0,142.2162,0,142.791,0,143.3658,0,143.9407,0,144.4511,0,144.5622,0,144.6734
0,147.027,0,146.4931,0,145.959,0,145.4247,0,145.3388,0,144.0377,0,141.5722,0,140.2746,0,141.4967,0,142.6016,0,143.3977,0,144.194,0,144.99,0,145.7854,0,146.58,0,146.8302,0,147.0803,0,147.3301,0,147.5798,0,147.8292,0,148.0785,0,147.7219,0,146.8902,0,146.0575,0,145.2243,0,144.391,0,143.5578,0,142.7252,0,141.9036,0,141.8021,0,141.9111,0,142.0203,0,142.1296,0,142.2392,0,142.3489,0,142.4589
0,147.027,0,146.4931,0,145.959,0,145.4247,0,145.3847,0,143.8473,0,141.3816,0,140.5642,0,141.7871,0,143.0138,0,143.9949,0,144.7914,0,145.5875,0,146.3828,0,147.1771,0,147.4271,0,147.6769,0,147.9265,0,148.1758,0,148.425,0,148.1947,0,147.7117,0,146.8799,0,146.0473,0,145.2141,0,144.3807,0,143.5476,0,142.715,0,142.0059,0,140.1626,0,139.6901,0,139.7976,0,139.9053,0,140.0132,0,140.1212,0,140.2295
0,147.027,0,146.4931,0,145.959,0,145.4247,0,145.4305,0,143.6568,0,141.1911,0,140.8539,0,142.0775,0,143.3047,0,144.5343,0,145.3893,0,146.1854,0,146.9804,0,147.7741,0,148.0238,0,148.2733,0,148.5226,0,148.7716,0,148.6677,0,148.1845,0,147.7015,0,146.8697,0,146.037,0,145.2039,0,144.3705,0,143.5374,0,142.7939,0,142.1081,0,140.2651,0,138.4132,0,137.5681,0,137.6738,0,137.7796,0,137.8857,0,137.992
0,147.027,0,146.4931,0,145.959,0,145.4247,0,145.4764,0,143.4663,0,141.0006,0,141.1438,0,142.3681,0,143.5956,0,144.8254,0,145.9876,0,146.7834,0,147.5779,0,148.3709,0,148.6203,0,148.8695,0,149.1184,0,149.1408,0,148.6575,0,148.1743,0,147.6912,0,146.8594,0,146.0268,0,145.1936,0,144.3603,0,143.5827,0,142.8962,0,142.2104,0,140.3676,0,138.5157,0,136.6586,0,135.4419,0,135.5454,0,135.6492,0,135.7531
0,147.027,0,146.4931,0,145.959,0,145.4247,0,145.5223,0,143.2758,0,140.8101,0,141.4338,0,142.6586,0,143.8865,0,145.1163,0,146.3469,0,147.3814,0,148.1753,0,148.9675,0,149.2165,0,149.4652,0,149.6139,0,149.1306,0,148.6472,0,148.164,0,147.681,0,146.8492,0,146.0166,0,145.1834,0,144.372,0,143.685,0,142.9985,0,142.3126,0,140.4701,0,138.6182,0,136.761,0,134.9021,0,133.3173,0,133.4184,0,133.5197
0,147.027,0,146.4931,0,145.959,0,145.4284,0,145.5489,0,143.0852,0,140.6588,0,141.7238,0,142.9492,0,144.1774,0,145.4072,0,146.6375,0,147.8672,0,148.7724,0,149.5635,0,149.8121,0,150.0604,0,149.6037,0,149.1203,0,148.637,0,148.1538,0,147.6708,0,146.839,0,146.0063,0,145.1732,0,144.4743,0,143.7874,0,143.1008,0,142.4149,0,140.5726,0,138.7208,0,136.8634,0,135.0042,0,133.1471,0,131.296,0,131.2984
0,147.027,0,146.4931,0,145.959,0,145.4743,0,145.3588,0,142.8946,0,140.9486,0,142.014,0,143.2398,0,144.4682,0,145.6979,0,146.9279,0,148.157,0,149.3691,0,150.159,0,150.4071,0,150.0767,0,149.5934,0,149.1101,0,148.6268,0,148.1436,0,147.6605,0,146.8287,0,145.9961,0,145.2637,0,144.5766,0,143.8897,0,143.2031,0,142.5172,0,140.6751,0,138.8234,0,136.9658,0,135.1062,0,133.2486,0,131.3967,0,129.8529
0,147.027,0,146.4931,0,145.959,0,145.5202,0,145.1687,0,142.704,0,141.2385,0,142.3042,0,143.5304,0,144.7589,0,145.9885,0,147.2181,0,148.4466,0,149.6727,0,150.7538,0,150.5497,0,150.0665,0,149.5832,0,149.0999,0,148.6165,0,148.1333,0,147.6503,0,146.8185,0,146.053,0,145.3659,0,144.6789,0,143.992,0,143.3054,0,142.6194,0,140.7777,0,138.926,0,137.0683,0,135.5372,0,134.1715,0,132.8083,0,131.4493
0,147.027,0,146.4931,0,145.959,0,145.566,0,144.9785,0,142.5133,0,141.5285,0,142.5945,0,143.8211,0,145.0496,0,146.279,0,147.5081,0,148.7359,0,149.961,0,150.9166,0,150.6419,0,150.0881,0,149.573,0,149.0896,0,148.6063,0,148.1231,0,147.6401,0,146.8418,0,146.1551,0,145.4682,0,144.7811,0,144.0943,0,143.4077,0,142.7217,0,141.2331,0,139.8741,0,138.5112,0,137.1459,0,135.7799,0,134.4146,0,133.0517
0,147.027,0,146.4931,0,145.959,0,145.6119,0,144.7883,0,142.3227,0,141.8186,0,142.8848,0,144.1116,0,145.3402,0,146.5694,0,147.798,0,149.0249,0,150.249,0,150.7096,0,150.9531,0,150.3994,0,149.8455,0,149.2914,0,148.7374,0,148.1835,0,147.6298,0,147.066,0,146.5017,0,145.9371,0,145.3723,0,144.8073,0,144.2423,0,143.6774,0,142.7093,0,141.4707,0,140.1133,0,138.7517,0,137.3876,0,136.0223,0,134.6576
0,147.027,0,146.4931,0,145.959,0,145.6578,0,144.5979,0,142.132,0,142.1087,0,143.1751,0,144.4022,0,145.6307,0,146.8595,0,148.0875,0,149.3136,0,150.3992,0,150.5026,0,150.8031,0,150.7106,0,150.1568,0,149.6028,0,149.0488,0,148.4948,0,147.941,0,148.1091,0,147.5453,0,146.981,0,146.4163,0,145.8512,0,145.2859,0,144.7205,0,143.7508,0,142.7821,0,141.7079,0,140.3521,0,138.992,0,137.6289,0,136.2645
0,147.027,0,146.4931,0,145.959,0,145.7036,0,144.4076,0,141.9414,0,142.399,0,143.4654,0,144.6927,0,145.9211,0,147.1495,0,148.3769,0,149.602,0,150.1922,0,150.2956,0,150.5961,0,150.8965,0,150.4681,0,149.9142,0,149.3602,0,148.8062,0,148.2523,0,148.4489,0,148.5886,0,148.025,0,147.4607,0,146.8959,0,146.3307,0,145.7652,0,144.7944,0,143.8242,0,142.855,0,141.8876,0,140.5906,0,139.2318,0,137.8699
0,147.027,0,146.4931,0,145.959,0,145.7495,0,144.2171,0,141.7507,0,142.6893,0,143.7557,0,144.9831,0,146.2113,0,147.4393,0,148.666,0,149.8816,0,149.9851,0,150.0886,0,150.3891,0,150.6895,0,150.7793,0,150.2255,0,149.6716,0,149.1176,0,148.5636,0,148.7603,0,148.957,0,149.0682,0,148.5048,0,147.9407,0,147.3759,0,146.8107,0,145.8395,0,144.8683,0,143.8977,0,142.928,0,141.96,0,140.8286,0,139.4713
0,147.027,0,146.4931,0,145.959,0,145.7953,0,144.0267,0,141.9133,0,142.9796,0,144.046,0,145.2734,0,146.5014,0,147.7289,0,148.9548,0,149.6745,0,149.778,0,149.8815,0,150.1821,0,150.4826,0,150.783,0,150.5368,0,149.9829,0,149.429,0,148.875,0,149.0717,0,149.2684,0,149.4651,0,149.5479,0,148.9848,0,148.4209,0,147.8563,0,146.8854,0,145.9139,0,144.9423,0,143.9712,0,143.0011,0,142.0326,0,141.0662
0,147.027,0,146.4931,0,145.959,0,145.8412,0,143.8361,0,142.2035,0,143.2699,0,144.3363,0,145.5636,0,146.7913,0,148.0182,0,149.2433,0,149.4674,0,149.5709,0,149.6745,0,149.975,0,150.2755,0,150.576,0,150.8479,0,150.2942,0,149.7403,0,149.1863,0,149.383,0,149.5798,0,149.7765,0,149.9732,0,150.0277,0,149.4649,0,148.9013,0,147.9314,0,146.9602,0,145.9884,0,145.0164,0,144.0051,0,142.7491,0,141.497
0,147.027,0,146.4931,0,145.959,0,145.8871,0,143.6456,0,142.4938,0,143.5602,0,144.6265,0,145.8537,0,147.081,0,148.3073,0,149.1567,0,149.2603,0,149.3639,0,149.4674,0,149.768,0,150.0685,0,150.369,0,150.6695,0,150.6055,0,150.0516,0,149.4977,0,149.6944,0,149.8911,0,150.0878,0,150.2846,0,150.4813,0,150.5073,0,149.9451,0,148.9768,0,148.0066,0,146.9552,0,145.6956,0,144.4371,0,143.1808,0,141.9279
0,147.027,0,146.4931,0,145.959,0,145.9185,0,143.455,0,142.784,0,143.8505,0,144.9166,0,146.1437,0,147.3706,0,148.5962,0,148.9496,0,149.0532,0,149.1568,0,149.2604,0,149.5609,0,149.8615,0,150.162,0,150.4625,0,150.7629,0,150.3629,0,149.809,0,150.0058,0,150.2025,0,150.3992,0,150.5958,0,150.7925,0,150.9891,0,150.9869,0,149.901,0,148.6445,0,147.3862,0,146.1273,0,144.869,0,143.6124,0,142.3589
0,147.027,0,146.4931,0,145.959,0,145.7285,0,143.2644,0,143.0744,0,144.1408,0,145.2067,0,146.4335,0,147.6599,0,148.6389,0,148.7425,0,148.8461,0,148.9497,0,149.0533,0,149.3539,0,149.6544,0,149.955,0,150.2555,0,150.5559,0,150.6741,0,150.1204,0,150.3171,0,150.5137,0,150.7104,0,150.907,0,151.1036,0,150.8115,0,150.4437,0,150.0684,0,149.0738,0,147.8167,0,146.5585,0,145.3005,0,144.0439,0,142.7899
0,147.027,0,146.4931,0,145.959,0,145.5384,0,143.0737,0,143.3647,0,144.4311,0,145.4966,0,146.7232,0,147.949,0,148.4318,0,148.5355,0,148.6391,0,148.7427,0,148.8463,0,149.1468,0,149.4474,0,149.7479,0,150.0484,0,150.3489,0,150.6494,0,150.4316,0,150.6283,0,150.8249,0,150.7771,0,150.4095,0,150.0414,0,149.673,0,149.3042,0,148.9285,0,148.5528,0,148.1772,0,146.9893,0,145.7318,0,144.4753,0,143.2209
0,147.027,0,146.4931,0,145.959,0,145.3483,0,142.883,0,143.655,0,144.7212,0,145.7865,0,147.0127,0,148.1211,0,148.2248,0,148.3284,0,148.4321,0,148.5357,0,148.6393,0,148.9398,0,149.2403,0,149.5409,0,149.8414,0,150.1419,0,150.4424,0,150.7428,0,150.3752,0,150.0072,0,149.6389,0,149.2702,0,148.9013,0,148.532,0,148.1626,0,147.7867,0,147.411,0,147.0355,0,146.6603,0,146.1628,0,144.9064,0,143.6519
0,147.027,0,146.4931,0,145.9767,0,145.1581,0,142.8788,0,143.9453,0,145.0114,0,146.0762,0,147.302,0,147.9141,0,148.0178,0,148.1214,0,148.2251,0,148.3287,0,148.4323,0,148.7328,0,149.0333,0,149.3338,0,149.6363,0,149.9939,0,150.3515,0,150.7091,0,149.4805,0,148.8674,0,148.4982,0,148.1289,0,147.7593,0,147.3896,0,147.0197,0,146.644,0,146.2686,0,145.8935,0,145.5187,0,145.1443,0,144.7702,0,144.0827
0,147.027,0,146.4931,0,146.0226,0,144.9678,0,143.1692,0,144.2356,0,145.3014,0,146.3658,0,147.5911,0,147.7072,0,147.8108,0,147.9145,0,148.0181,0,148.1217,0,148.2253,0,148.5296,0,148.8872,0,149.2448,0,149.6025,0,149.9602,0,150.3178,0,150.6753,0,149.4467,0,148.2151,0,147.3561,0,146.9863,0,146.6164,0,146.2465,0,145.8765,0,145.5013,0,145.1265,0,144.752,0,144.378,0,144.0044,0,144.1491,0,145.4159
0,147.027,0,146.4931,0,146.0685,0,144.7775,0,143.4595,0,144.5258,0,145.5913,0,146.6552,0,147.3966,0,147.5003,0,147.6039,0,147.7076,0,147.8793,0,148.1343,0,148.3893,0,148.4959,0,148.8535,0,149.2111,0,149.5688,0,149.9264,0,150.284,0,150.6416,0,149.4129,0,148.1813,0,146.9479,0,145.8434,0,145.4735,0,145.1036,0,144.7338,0,144.3594,0,143.9855,0,143.612,0,143.2391,0,144.4411,0,145.7096,0,146.9805
0,147.027,0,146.4931,0,146.1143,0,144.5871,0,143.7498,0,144.816,0,145.8811,0,146.9444,0,147.1898,0,147.443,0,147.698,0,147.9531,0,148.2081,0,148.4632,0,148.7183,0,148.6773,0,148.8197,0,149.1774,0,149.535,0,149.8927,0,150.2503,0,150.6078,0,149.3791,0,148.1475,0,146.9141,0,145.6801,0,144.4466,0,143.962,0,143.5927,0,143.2193,0,142.8466,0,143.4668,0,144.7337,0,146.0039,0,147.2762,0,148.5493
0,147.027,0,146.4931,0,146.1602,0,144.3966,0,144.0401,0,145.1061,0,146.1708,0,147.1351,0,147.5167,0,147.7718,0,148.0269,0,148.282,0,148.5371,0,148.7922,0,149.0473,0,149.0063,0,148.9654,0,149.1436,0,149.5013,0,149.8589,0,150.2165,0,150.5741,0,149.3453,0,148.1137,0,146.8803,0,145.6464,0,144.413,0,143.1813,0,142.4539,0,142.4937,0,143.7582,0,145.027,0,146.2988,0,147.5724,0,148.8466,0,150.12
0,147.027,0,146.4931,0,146.206,0,144.2061,0,144.3304,0,145.3961,0,146.4603,0,147.2863,0,147.8422,0,148.1007,0,148.3558,0,148.611,0,148.8662,0,149.1213,0,149.3765,0,149.3354,0,149.2944,0,149.2534,0,149.4675,0,149.8252,0,150.1828,0,150.5404,0,149.3115,0,148.0799,0,146.8466,0,145.6127,0,144.3794,0,143.1478,0,142.3051,0,143.9401,0,145.3209,0,146.5943,0,147.8692,0,149.1443,0,150.4184,0,151.6902
0,147.027,0,146.4931,0,146.2518,0,144.0156,0,144.6206,0,145.6859,0,146.7497,0,147.4376,0,147.9936,0,148.4298,0,148.685,0,148.9402,0,149.1954,0,149.4506,0,149.7057,0,149.6646,0,149.6236,0,149.5825,0,149.5414,0,149.7914,0,150.1491,0,150.5066,0,149.2778,0,148.0461,0,146.8128,0,145.579,0,144.521,0,143.7499,0,142.98,0,144.6174,0,146.2627,0,147.9131,0,149.4425,0,150.7172,0,151.9893,0,153.2576
0,147.027,0,146.4931,0,146.2881,0,143.8446,0,144.9107,0,145.9757,0,147.0332,0,147.5889,0,148.145,0,148.7015,0,149.0142,0,149.2695,0,149.5247,0,149.7799,0,150.035,0,149.9939,0,149.9527,0,149.9116,0,149.8705,0,149.8295,0,150.1153,0,150.4729,0,149.244,0,148.0123,0,146.779,0,145.9696,0,145.1974,0,144.4259,0,143.6553,0,145.2947,0,146.9408,0,148.591,0,150.2424,0,151.8925,0,153.5383,0,154.8199
0,147.027,0,146.4931,0,146.0982,0,144.1349,0,145.2008,0,146.2653,0,147.1844,0,147.7403,0,148.2965,0,148.853,0,149.3435,0,149.5988,0,149.854,0,150.1092,0,150.3643,0,150.3231,0,150.282,0,150.2408,0,150.1997,0,150.1586,0,150.1174,0,150.4391,0,149.2102,0,148.1903,0,147.4182,0,146.6459,0,145.8738,0,145.102,0,144.331,0,145.9719,0,147.6184,0,149.2678,0,150.9174,0,152.5645,0,154.2063,0,154.78
0,147.027,0,146.4931,0,145.9082,0,144.4251,0,145.4907,0,146.5548,0,147.3357,0,147.8916,0,148.4479,0,149.0045,0,149.5613,0,149.9282,0,150.1834,0,150.4385,0,150.6936,0,150.6524,0,150.6112,0,150.57,0,150.5288,0,150.4877,0,150.4465,0,150.4054,0,149.6356,0,148.8649,0,148.0935,0,147.3217,0,146.5498,0,145.778,0,145.0067,0,146.6487,0,148.2951,0,149.9433,0,151.5906,0,153.0497,0,153.3616,0,153.6735
0,147.027,0,146.4931,0,145.7181,0,144.7153,0,145.7806,0,146.8441,0,147.487,0,148.043,0,148.5994,0,149.1561,0,149.7128,0,150.2576,0,150.5128,0,150.7679,0,151.0229,0,150.9817,0,150.9404,0,150.8992,0,150.858,0,150.8168,0,150.7821,0,150.7885,0,150.1691,0,149.5383,0,148.7678,0,147.9967,0,147.2253,0,146.4537,0,145.6824,0,147.3249,0,148.9708,0,150.6174,0,151.6286,0,151.9409,0,152.2531,0,152.5653
0,147.027,0,146.4931,0,145.528,0,145.0054,0,146.0703,0,147.0826,0,147.6383,0,148.1945,0,148.7509,0,149.3076,0,149.8644,0,150.4212,0,150.8422,0,151.0972,0,151.3521,0,151.3109,0,151.2696,0,151.2284,0,151.1871,0,151.159,0,151.1654,0,151.1718,0,150.5522,0,149.9326,0,149.313,0,148.6708,0,147.9,0,147.1289,0,146.3578,0,148.0004,0,149.6454,0,150.2074,0,150.5196,0,150.8318,0,151.144,0,151.4563
0,147.027,0,146.4931,0,145.3378,0,145.2955,0,146.3599,0,147.2338,0,147.7897,0,148.3459,0,148.9025,0,149.4592,0,150.016,0,150.5728,0,151.1294,0,151.4265,0,151.6813,0,151.64,0,151.5988,0,151.5575,0,151.5359,0,151.5423,0,151.5487,0,151.5551,0,150.9356,0,150.3158,0,149.696,0,149.0763,0,148.4567,0,147.8034,0,147.0327,0,148.4762,0,148.7877,0,149.0994,0,149.4112,0,149.7231,0,150.0351,0,150.3473
0,147.027,0,146.4931,0,145.1475,0,145.5854,0,146.6493,0,147.3851,0,147.9411,0,148.4974,0,149.054,0,149.6108,0,150.1676,0,150.7243,0,151.2809,0,151.7557,0,152.0104,0,151.9691,0,151.9278,0,151.9128,0,151.9192,0,151.9257,0,151.9321,0,151.9386,0,151.3191,0,150.6993,0,150.0793,0,149.4593,0,148.8395,0,148.2199,0,147.446,0,147.4594,0,147.682,0,147.9931,0,148.3043,0,148.6157,0,148.9273,0,149.2391
0,147.027,0,146.4931,0,144.9572,0,145.8752,0,146.9385,0,147.5364,0,148.0925,0,148.6489,0,149.2056,0,149.7623,0,150.3191,0,150.8758,0,151.4324,0,151.9886,0,152.3395,0,152.2981,0,152.2896,0,152.2961,0,152.3026,0,152.3091,0,152.3156,0,152.322,0,151.7026,0,151.0828,0,150.4628,0,149.8426,0,149.2225,0,148.4088,0,147.4025,0,147.4159,0,147.4292,0,147.4425,0,147.4558,0,147.5105,0,147.8214,0,148.1325
0,147.027,0,146.5249,0,145.1001,0,146.1649,0,147.132,0,147.6877,0,148.2439,0,148.8004,0,149.3571,0,149.9139,0,150.4707,0,151.0274,0,151.5838,0,152.14,0,152.6683,0,152.6665,0,152.673,0,152.6795,0,152.686,0,152.6925,0,152.699,0,152.7055,0,152.0863,0,151.4665,0,150.8464,0,150.2261,0,149.373,0,148.3653,0,147.359,0,147.3723,0,147.3857,0,147.399,0,147.4123,0,147.4257,0,147.439,0,147.2927
0,147.027,0,146.5708,0,145.3901,0,146.4544,0,147.2832,0,147.8391,0,148.3954,0,148.952,0,149.5087,0,150.0655,0,150.6222,0,151.1789,0,151.7352,0,152.2913,0,152.7038,0,152.9307,0,153.0563,0,153.0628,0,153.0693,0,153.0759,0,153.0824,0,153.089,0,152.4699,0,151.8503,0,151.2302,0,150.338,0,149.3294,0,148.3217,0,147.3155,0,147.3288,0,147.3422,0,147.3555,0,147.3688,0,147.3822,0,147.1913,0,146.8499
0,147.027,0,146.6166,0,145.68,0,146.7438,0,147.4345,0,147.9905,0,148.5469,0,149.1035,0,149.6603,0,150.2171,0,150.7738,0,151.3304,0,151.8866,0,151.8817,0,152.6859,0,152.9128,0,153.1398,0,153.3667,0,153.4526,0,153.4592,0,153.4657,0,153.4723,0,152.8535,0,152.2341,0,151.3033,0,150.2944,0,149.2859,0,148.2782,0,147.272,0,147.2853,0,147.2987,0,147.312,0,147.3253,0,147.0898,0,146.7485,0,146.4071
0,147.027,0,146.6576,0,145.9698,0,147.0301,0,147.5858,0,148.1419,0,148.6984,0,149.255,0,149.8118,0,150.3686,0,150.9253,0,151.4818,0,151.4697,0,151.7999,0,152.6681,0,152.895,0,153.1219,0,153.3488,0,153.5758,0,153.8027,0,153.849,0,153.8556,0,153.2371,0,152.2683,0,151.2598,0,150.2509,0,149.2423,0,148.2347,0,147.2285,0,147.2418,0,147.2552,0,147.2685,0,146.9884,0,146.647,0,146.3056,0,145.9642
0,147.027,0,146.4678,0,146.2594,0,147.1814,0,147.7372,0,148.2934,0,148.8499,0,149.4066,0,149.9634,0,150.5202,0,151.0768,0,151.0575,0,150.9661,0,151.782,0,152.6502,0,152.8771,0,153.104,0,153.331,0,153.5579,0,153.7849,0,154.0118,0,154.2387,0,153.2326,0,152.2249,0,151.2163,0,150.2074,0,149.1988,0,148.1911,0,147.185,0,147.1983,0,147.2117,0,146.887,0,146.5456,0,146.2042,0,145.8627,0,145.5212
0,147.027,0,146.2779,0,146.5489,0,147.3326,0,147.8885,0,148.4449,0,149.0014,0,149.5582,0,150.115,0,150.6717,0,150.6451,0,150.5537,0,150.8948,0,151.7641,0,152.6323,0,152.8592,0,153.0862,0,153.3131,0,153.54,0,153.767,0,153.9939,0,155.1505,0,153.8958,0,152.6395,0,151.3828,0,150.1639,0,149.1552,0,148.1476,0,147.1415,0,147.1268,0,146.7855,0,146.4442,0,146.1027,0,145.7613,0,145.4198,0,145.0783
0,147.027,0,146.088,0,146.8382,0,147.4839,0,148.04,0,148.5963,0,149.153,0,149.7097,0,150.2665,0,150.2327,0,150.1412,0,150.0497,0,150.8769,0,151.7462,0,152.6144,0,152.8414,0,153.0683,0,153.2952,0,153.5222,0,153.7491,0,154.5069,0,156.0641,0,154.8091,0,153.5516,0,152.2927,0,151.0338,0,149.776,0,148.5206,0,147.1428,0,146.7109,0,146.3427,0,146.0013,0,145.6598,0,145.3184,0,144.9769,0,144.6355
0,147.027,0,146.0644,0,147.0795,0,147.6352,0,148.1914,0,148.7479,0,149.3045,0,149.8613,0,149.8202,0,149.7287,0,149.6372,0,149.9891,0,150.859,0,151.7283,0,152.5966,0,152.8235,0,153.0504,0,153.2774,0,153.5043,0,153.8638,0,155.4197,0,156.9792,0,155.7244,0,154.4662,0,153.2059,0,151.9446,0,150.6836,0,149.4149,0,147.3457,0,146.9139,0,146.4819,0,146.0498,0,145.6178,0,145.1857,0,144.7538,0,144.158
0,147.027,0,146.354,0,147.2307,0,147.7866,0,148.3428,0,148.8994,0,149.4561,0,149.4078,0,149.3162,0,149.2247,0,149.1331,0,149.9712,0,150.8412,0,151.7105,0,152.5787,0,152.8056,0,153.0325,0,153.2595,0,153.4864,0,154.7755,0,156.3341,0,157.8952,0,156.6413,0,155.3832,0,154.122,0,152.8589,0,151.5952,0,149.6187,0,147.5487,0,147.1168,0,146.6848,0,146.2528,0,145.8207,0,145.3885,0,144.8159,0,143.5405
0,147.027,0,146.6434,0,147.382,0,147.938,0,148.4943,0,149.0509,0,148.9954,0,148.9038,0,148.8122,0,148.7206,0,149.0832,0,149.9533,0,150.8233,0,151.6926,0,152.5608,0,152.7877,0,153.0147,0,153.2416,0,154.1318,0,155.6892,0,157.2499,0,158.8116,0,157.5593,0,156.3019,0,155.0405,0,153.7763,0,151.91,0,149.8225,0,147.7516,0,147.3198,0,146.8878,0,146.4557,0,146.0236,0,145.4743,0,144.1984,0,142.9227
0,147.027,0,146.9326,0,147.5333,0,148.0894,0,148.6458,0,148.583,0,148.4915,0,148.3999,0,148.3083,0,148.2167,0,149.0653,0,149.9355,0,150.8054,0,151.6747,0,152.543,0,152.7699,0,152.9968,0,153.4888,0,155.0445,0,156.6045,0,158.1664,0,159.728,0,158.478,0,157.2218,0,155.9609,0,154.2123,0,152.114,0,150.0263,0,147.9546,0,147.5228,0,147.0909,0,146.6588,0,146.1329,0,144.857,0,143.5805,0,142.3047
0,147.027,0,147.1289,0,147.6847,0,148.2408,0,148.1709,0,148.0793,0,147.9877,0,147.8961,0,147.8045,0,148.1774,0,149.0474,0,149.9176,0,150.7875,0,151.6568,0,152.5251,0,152.752,0,152.9789,0,154.4002,0,155.9591,0,157.5209,0,159.0833,0,160.644,0,159.3968,0,158.1426,0,156.5183,0,154.4159,0,152.3179,0,150.23,0,148.1575,0,147.7258,0,147.2939,0,146.7916,0,145.5159,0,144.239,0,142.9621,0,141.6866
0,147.027,0,147.2801,0,147.836,0,147.7588,0,147.6673,0,147.5757,0,147.4841,0,147.3925,0,147.3009,0,148.1596,0,149.0296,0,149.8997,0,150.7696,0,151.6389,0,152.5072,0,152.7341,0,153.7565,0,155.3139,0,156.8752,0,158.438,0,160.0001,0,161.5591,0,160.3153,0,158.8206,0,156.7208,0,154.6193,0,152.5217,0,150.4337,0,148.3605,0,147.9288,0,147.4502,0,146.1751,0,144.8981,0,143.6205,0,142.3436,0,141.0686
0,147.027,0,147.4314,0,147.3471,0,147.2555,0,147.1639,0,147.0724,0,146.9808,0,146.8892,0,147.2724,0,148.1418,0,149.0117,0,149.8818,0,150.7517,0,151.621,0,152.4893,0,153.1135,0,154.669,0,156.2294,0,157.7922,0,159.3553,0,160.9162,0,162.4727,0,161.1117,0,159.0213,0,156.9231,0,154.8226,0,152.7254,0,150.6372,0,148.5634,0,148.1085,0,146.8343,0,145.5576,0,144.2796,0,143.0016,0,141.725,0,140.4509
