First line is descriptive text that is ignored by the preparation tool,,,,,,,,,,,,,,,,,,,,,,,,,,,,,,,,,,,,,,,,,,,,,,,,,,,,,,,,,,,,,,,,,,,,,,,
FirstTheta,0,,,,,,,,,,,,,,,,,,,,,,,,,,,,,,,,,,,,,,,,,,,,,,,,,,,,,,,,,,,,,,,,,,,,,,
DeltaTheta,2,,,,,,,,,,,,,,,,,,,,,,,,,,,,,,,,,,,,,,,,,,,,,,,,,,,,,,,,,,,,,,,,,,,,,,
NumTheta,36,,,,,,,,,,,,,,,,,,,,,,,,,,,,,,,,,,,,,,,,,,,,,,,,,,,,,,,,,,,,,,,,,,,,,,
FirstPhi,0,,,,,,,,,,,,,,,,,,,,,,,,,,,,,,,,,,,,,,,,,,,,,,,,,,,,,,,,,,,,,,,,,,,,,,
DeltaPhi,2,,,,,,,,,,,,,,,,,,,,,,,,,,,,,,,,,,,,,,,,,,,,,,,,,,,,,,,,,,,,,,,,,,,,,,
NumPhi,180,,,,,,,,,,,,,,,,,,,,,,,,,,,,,,,,,,,,,,,,,,,,,,,,,,,,,,,,,,,,,,,,,,,,,,
Frequency,20200,,,,,,,,,,,,,,,,,,,,,,,,,,,,,,,,,,,,,,,,,,,,,,,,,,,,,,,,,,,,,,,,,,,,,,
Polarisation,RHCP,,,,,,,,,,,,,,,,,,,,,,,,,,,,,,,,,,,,,,,,,,,,,,,,,,,,,,,,,,,,,,,,,,,,,,
Beam,1,,,,,,,,,,,,,,,,,,,,,,,,,,,,,,,,,,,,,,,,,,,,,,,,,,,,,,,,,,,,,,,,,,,,,,
Temperature,21,,,,,,,,,,,,,,,,,,,,,,,,,,,,,,,,,,,,,,,,,,,,,,,,,,,,,,,,,,,,,,,,,,,,,,
TriLensQR,440-0375-00289,,,,,,,,,,,,,,,,,,,,,,,,,,,,,,,,,,,,,,,,,,,,,,,,,,,,,,,,,,,,,,,,,,,,,,
LensNumber,2,,,,,,,,,,,,,,,,,,,,,,,,,,,,,,,,,,,,,,,,,,,,,,,,,,,,,,,,,,,,,,,,,,,,,,
RawAttenPhase,FALSE,,,,,,,,,,,,,,,,,,,,,,,,,,,,,,,,,,,,,,,,,,,,,,,,,,,,,,,,,,,,,,,,,,,,,,
0,183.6743,0,182.7905,0,181.9056,0,181.0201,0,180.1343,0,179.2488,0,178.3639,0,177.4801,0,177.6212,0,177.7623,0,177.9034,0,178.0445,0,178.1856,0,178.3267,0,178.4678,0,177.0801,0,175.6883,0,174.2941,0,172.899,0,171.5047,0,170.1129,0,168.7252,0,168.5353,0,168.3455,0,168.1556,0,167.9658,0,167.7759,0,167.5861,0,167.3962,0,166.0705,0,164.7413,0,163.4098,0,162.0777,0,160.7462,0,159.417,0,158.0913
0,183.6743,0,182.4227,0,181.5352,0,180.6476,0,179.7599,0,178.8726,0,177.9861,0,177.1009,0,176.7238,0,176.8651,0,177.0064,0,177.1477,0,177.289,0,177.4303,0,177.5716,0,177.0073,0,175.6151,0,174.2206,0,172.8253,0,171.431,0,170.0392,0,168.6516,0,168.5874,0,168.3975,0,168.2077,0,168.0178,0,167.828,0,167.6381,0,167.4483,0,168.5621,0,167.2364,0,165.9057,0,164.5717,0,163.2357,0,161.8992,0,160.5635
0,183.6743,0,182.0828,0,181.1638,0,180.2734,0,179.3838,0,178.4948,0,177.6069,0,176.7203,0,175.8356,0,175.9656,0,176.107,0,176.2484,0,176.3899,0,176.5313,0,176.6728,0,176.462,0,175.5419,0,174.1471,0,172.7517,0,171.3573,0,169.9655,0,168.578,0,168.535,0,168.4496,0,168.2597,0,168.0699,0,167.88,0,167.6902,0,167.5003,0,168.6839,0,169.7309,0,168.4061,0,167.0753,0,165.7398,0,164.401,0,163.0604
0,183.6743,0,181.7425,0,180.8225,0,179.8987,0,179.0062,0,178.1156,0,177.2262,0,176.3384,0,175.4526,0,175.0643,0,175.2057,0,175.3472,0,175.4887,0,175.6302,0,175.7718,0,175.561,0,175.3503,0,174.0736,0,172.6781,0,171.2836,0,169.8918,0,168.5044,0,168.4614,0,168.4184,0,168.3118,0,168.1219,0,167.9321,0,167.7422,0,167.5524,0,168.736,0,169.9223,0,170.9015,0,169.579,0,168.249,0,166.9132,0,165.5727
0,183.6743,0,181.5571,0,180.4809,0,179.5563,0,178.6286,0,177.7349,0,176.8441,0,175.9551,0,175.0684,0,174.1843,0,174.3029,0,174.4444,0,174.5859,0,174.7274,0,174.869,0,174.6583,0,174.4477,0,174.0001,0,172.6044,0,171.2099,0,169.8181,0,168.4309,0,168.3878,0,168.3448,0,168.3018,0,168.174,0,167.9841,0,167.7943,0,167.6044,0,168.7881,0,169.9744,0,171.1625,0,172.0731,0,170.7538,0,169.4259,0,168.0908
0,183.6743,0,181.6913,0,180.1392,0,179.2137,0,178.2855,0,177.3548,0,176.4606,0,175.5705,0,174.6829,0,173.7981,0,173.3991,0,173.5405,0,173.6819,0,173.8234,0,173.9649,0,173.7543,0,173.5439,0,173.3337,0,172.5307,0,171.1361,0,169.7444,0,168.3573,0,168.3143,0,168.2712,0,168.2282,0,168.1852,0,168.0361,0,167.8463,0,167.6565,0,168.8402,0,170.0266,0,171.2146,0,172.4032,0,173.2446,0,171.9297,0,170.605
0,183.6743,0,181.8254,0,179.7972,0,178.8711,0,177.9423,0,177.0113,0,176.0785,0,175.1847,0,174.2962,0,173.4108,0,172.5288,0,172.6359,0,172.7772,0,172.9185,0,173.0599,0,172.8496,0,172.6395,0,172.4296,0,172.2199,0,171.0624,0,169.6707,0,168.2837,0,168.2407,0,168.1977,0,168.1546,0,168.1116,0,168.0686,0,167.8983,0,167.7085,0,168.8923,0,170.0787,0,171.2666,0,172.4552,0,173.6432,0,174.4151,0,173.1057
0,183.6743,0,181.9593,0,179.4552,0,178.5284,0,177.5991,0,176.6678,0,175.7349,0,174.801,0,173.9084,0,173.0224,0,172.14,0,171.7312,0,171.8722,0,172.0133,0,172.1545,0,171.9446,0,171.7349,0,171.5254,0,171.3162,0,170.9886,0,169.597,0,168.2101,0,168.1671,0,168.1241,0,168.0811,0,168.038,0,167.995,0,167.9504,0,167.7605,0,168.9444,0,170.1308,0,171.3187,0,172.5072,0,173.6951,0,174.8815,0,175.5837
0,183.6743,0,182.0625,0,179.425,0,178.1856,0,177.2559,0,176.3243,0,175.3914,0,174.4576,0,173.5235,0,172.6329,0,171.7503,0,170.8718,0,170.9674,0,171.1082,0,171.2491,0,171.0397,0,170.8306,0,170.6216,0,170.4129,0,170.2044,0,169.5233,0,168.1365,0,168.0935,0,168.0505,0,168.0075,0,167.9645,0,167.9215,0,167.8784,0,167.8126,0,168.9965,0,170.0232,0,170.984,0,171.9456,0,172.9073,0,173.8688,0,174.8293
0,183.6743,0,182.1494,0,179.5605,0,177.8428,0,176.9127,0,175.981,0,175.0481,0,174.1145,0,173.1807,0,172.2473,0,171.3596,0,170.4812,0,170.0632,0,170.2037,0,170.3443,0,170.1355,0,169.9269,0,169.7186,0,169.5105,0,169.3027,0,169.0952,0,168.063,0,168.0199,0,167.9769,0,167.9339,0,167.8681,0,167.6732,0,167.4782,0,167.2832,0,167.501,0,168.4581,0,169.4175,0,170.3784,0,171.3404,0,172.3029,0,173.2655
0,183.6743,0,182.2362,0,179.6959,0,177.5,0,176.5696,0,175.6378,0,174.705,0,173.7717,0,172.8383,0,171.9055,0,170.9736,0,170.0897,0,169.2163,0,169.3002,0,169.4403,0,169.2322,0,169.0244,0,168.8168,0,168.6095,0,168.4025,0,168.1958,0,167.9894,0,167.7945,0,167.5995,0,167.4045,0,167.2095,0,167.0144,0,166.8193,0,166.6242,0,166.7789,0,166.9335,0,167.8524,0,168.8113,0,169.7721,0,170.7344,0,171.6975
0,183.6743,0,182.323,0,179.8312,0,177.1572,0,176.2266,0,175.2948,0,174.3621,0,173.4291,0,172.4963,0,171.5641,0,170.6331,0,169.7038,0,168.8243,0,168.3981,0,168.5378,0,168.3305,0,168.1234,0,167.9167,0,167.7103,0,167.5042,0,167.6468,0,167.866,0,167.1844,0,166.9407,0,166.7455,0,166.5503,0,166.3551,0,166.1599,0,165.9647,0,166.1196,0,166.2744,0,166.4291,0,167.2466,0,168.2048,0,169.1653,0,170.1276
0,183.6743,0,182.3248,0,179.9664,0,177.2839,0,175.8837,0,174.9519,0,174.0194,0,173.0868,0,172.1546,0,171.2232,0,170.2932,0,169.3649,0,168.439,0,167.5648,0,167.6371,0,167.4306,0,167.2245,0,167.0187,0,167.085,0,167.3042,0,167.5234,0,167.7426,0,167.061,0,166.3787,0,166.0861,0,165.8908,0,165.6955,0,165.5003,0,165.305,0,165.46,0,165.615,0,165.7699,0,165.9248,0,166.6409,0,167.5982,0,168.5582
0,183.6743,0,182.3248,0,180.1015,0,177.4204,0,175.541,0,174.6092,0,173.6771,0,172.7449,0,171.8133,0,170.8827,0,169.9537,0,169.0266,0,168.1021,0,167.1805,0,166.7386,0,166.5332,0,166.5232,0,166.7424,0,166.9616,0,167.1808,0,167.4,0,167.6192,0,166.9375,0,166.2552,0,165.5726,0,165.2311,0,165.0358,0,164.8405,0,164.6453,0,164.8004,0,164.9555,0,165.1105,0,165.2655,0,165.4204,0,166.0353,0,166.9916
0,183.6743,0,182.3248,0,180.2364,0,177.5567,0,175.1984,0,174.2668,0,173.335,0,172.4033,0,171.4725,0,170.5428,0,169.6148,0,168.689,0,167.7658,0,166.8458,0,166.0009,0,166.1806,0,166.3998,0,166.619,0,166.8382,0,167.0574,0,167.2766,0,167.4958,0,166.814,0,166.1318,0,165.4491,0,164.7663,0,164.376,0,164.1808,0,163.9857,0,164.1408,0,164.296,0,164.4511,0,164.6062,0,164.7612,0,164.9162,0,165.4301
0,183.6743,0,182.3248,0,180.3568,0,177.693,0,175.0027,0,173.9246,0,172.9932,0,172.0622,0,171.132,0,170.2033,0,169.2765,0,168.3519,0,167.4302,0,166.5118,0,166.1341,0,166.1277,0,166.2764,0,166.4956,0,166.7148,0,166.934,0,167.1532,0,167.3724,0,166.6906,0,166.0083,0,165.3257,0,164.6429,0,163.9602,0,163.5214,0,163.3263,0,163.4815,0,163.6367,0,163.7919,0,163.947,0,164.1738,0,164.8458,0,165.5182
0,183.6743,0,182.3248,0,180.4442,0,177.8292,0,175.1398,0,173.5827,0,172.6517,0,171.7214,0,170.7921,0,169.8644,0,168.9387,0,168.0156,0,167.0954,0,166.3923,0,166.2672,0,166.2609,0,166.2545,0,166.3722,0,166.5914,0,166.8106,0,167.0298,0,167.2489,0,166.5671,0,165.8848,0,165.2022,0,164.5195,0,163.8369,0,163.1546,0,162.6675,0,162.8227,0,163.341,0,164.0129,0,164.6855,0,165.3585,0,166.0318,0,166.7052
0,183.6743,0,182.3248,0,180.5316,0,177.9653,0,175.2767,0,173.2411,0,172.3107,0,171.381,0,170.4527,0,169.526,0,168.6016,0,167.6798,0,166.7613,0,166.5255,0,166.4003,0,166.394,0,166.3877,0,166.3813,0,166.468,0,166.6872,0,166.9064,0,167.1255,0,166.4437,0,165.7614,0,165.0788,0,164.3962,0,163.7137,0,163.144,0,162.962,0,163.8518,0,164.5249,0,165.1985,0,165.8724,0,166.5464,0,167.2204,0,167.8941
0,183.6743,0,182.3248,0,180.6189,0,178.1013,0,175.4137,0,172.8998,0,171.97,0,171.0411,0,170.1137,0,169.1882,0,168.2651,0,167.3448,0,166.7838,0,166.6586,0,166.5335,0,166.5271,0,166.5208,0,166.5144,0,166.5081,0,166.5638,0,166.7829,0,167.0021,0,166.3202,0,165.6379,0,164.9554,0,164.348,0,164.166,0,163.984,0,163.8019,0,164.7318,0,165.6641,0,166.3874,0,167.062,0,167.7365,0,168.4106,0,169.0841
0,183.6743,0,182.3248,0,180.7062,0,178.2372,0,175.5505,0,172.8613,0,171.6297,0,170.7017,0,169.7753,0,168.851,0,167.9293,0,167.0421,0,166.9169,0,166.7918,0,166.6666,0,166.6603,0,166.6539,0,166.6476,0,166.6412,0,166.6349,0,166.6595,0,166.8787,0,166.1968,0,165.5521,0,165.3704,0,165.1886,0,165.0067,0,164.8248,0,164.6428,0,165.5741,0,166.5073,0,167.442,0,168.2534,0,168.9278,0,169.6014,0,170.2741
0,183.6743,0,182.3248,0,180.7935,0,178.373,0,175.6873,0,172.9985,0,171.2898,0,170.3628,0,169.4375,0,168.5144,0,167.5941,0,167.1752,0,167.0501,0,166.9249,0,166.7998,0,166.7934,0,166.7871,0,166.7807,0,166.7744,0,166.768,0,166.7617,0,166.7553,0,166.574,0,166.3926,0,166.2111,0,166.0295,0,165.8478,0,165.666,0,165.4842,0,166.4164,0,167.3502,0,168.2849,0,169.2202,0,170.1192,0,170.7917,0,171.463
0,183.6743,0,182.3248,0,180.8807,0,178.5087,0,175.8241,0,173.1356,0,170.9504,0,170.0244,0,169.1002,0,168.1785,0,167.4336,0,167.3084,0,167.1832,0,167.0581,0,166.933,0,166.9266,0,166.9202,0,166.9139,0,166.9075,0,166.9012,0,166.8948,0,166.9588,0,167.1909,0,167.2329,0,167.0517,0,166.8703,0,166.6889,0,166.5074,0,166.3257,0,167.2585,0,168.1924,0,169.1269,0,170.0614,0,170.9955,0,171.9287,0,172.65
0,183.6743,0,182.3248,0,180.9679,0,178.6444,0,175.9608,0,173.2728,0,170.6115,0,169.6865,0,168.7636,0,167.8432,0,167.5667,0,167.4416,0,167.3164,0,167.1913,0,167.0661,0,167.0597,0,167.0534,0,167.047,0,167.0407,0,167.0343,0,167.0913,0,167.1622,0,167.3943,0,167.6265,0,167.8587,0,167.7108,0,167.5296,0,167.3484,0,167.1671,0,168.1,0,169.0336,0,169.9674,0,170.9007,0,171.8332,0,172.7643,0,172.6132
0,183.6743,0,182.3248,0,180.9715,0,178.7341,0,176.0974,0,173.4098,0,170.7291,0,169.3492,0,168.4275,0,167.825,0,167.6999,0,167.5747,0,167.4496,0,167.3244,0,167.1993,0,167.1929,0,167.1865,0,167.1802,0,167.1738,0,167.2239,0,167.2948,0,167.3657,0,167.5978,0,167.83,0,168.0622,0,168.2944,0,168.3697,0,168.1888,0,168.0078,0,168.9406,0,169.8735,0,170.8061,0,171.3648,0,171.1557,0,170.9461,0,170.736
0,183.6743,0,182.3248,0,180.9715,0,178.8219,0,176.2339,0,173.5469,0,170.866,0,169.0125,0,168.0921,0,167.9582,0,167.833,0,167.7079,0,167.5827,0,167.4576,0,167.3324,0,167.326,0,167.3197,0,167.3133,0,167.3564,0,167.4273,0,167.4982,0,167.5691,0,167.8013,0,168.0335,0,168.2657,0,168.4979,0,168.7301,0,168.9622,0,168.8477,0,169.7798,0,169.9079,0,169.6972,0,169.4859,0,169.2743,0,169.0622,0,168.8497
0,183.6743,0,182.3248,0,180.9715,0,178.9096,0,176.3704,0,173.6839,0,171.003,0,168.6763,0,168.2164,0,168.0913,0,167.9661,0,167.841,0,167.7158,0,167.5907,0,167.4656,0,167.4592,0,167.4528,0,167.489,0,167.5599,0,167.6308,0,167.7017,0,167.7726,0,168.0048,0,168.237,0,168.4692,0,168.7013,0,168.9335,0,169.1656,0,168.5634,0,168.2395,0,168.027,0,167.8141,0,167.6008,0,167.3871,0,167.173,0,166.9586
0,183.6743,0,182.3248,0,180.9715,0,178.9974,0,176.5068,0,173.8209,0,171.1399,0,168.4756,0,168.3484,0,168.2244,0,168.0993,0,167.9741,0,167.849,0,167.7238,0,167.5987,0,167.5923,0,167.6215,0,167.6924,0,167.7633,0,167.8342,0,167.9052,0,167.9761,0,168.2083,0,168.4404,0,168.6726,0,168.9048,0,169.1369,0,168.1286,0,166.9245,0,166.5625,0,166.2007,0,165.9283,0,165.7134,0,165.4981,0,165.2825,0,165.0666
0,183.6743,0,182.3248,0,180.9715,0,179.085,0,176.6432,0,173.9578,0,171.2768,0,168.6119,0,168.1099,0,168.0898,0,168.0696,0,168.0495,0,167.9821,0,167.857,0,167.7318,0,167.754,0,167.825,0,167.8959,0,167.9668,0,168.0377,0,168.1086,0,168.1795,0,168.4117,0,168.6439,0,168.876,0,168.8938,0,167.6932,0,166.4878,0,165.2785,0,164.9166,0,164.5551,0,164.194,0,163.8334,0,163.6115,0,163.3949,0,163.1779
0,183.6743,0,182.3248,0,180.9715,0,179.1727,0,176.7794,0,174.0947,0,171.4138,0,168.7483,0,167.8808,0,167.8513,0,167.8311,0,167.811,0,167.7909,0,167.7707,0,167.7506,0,167.9575,0,168.0284,0,168.0993,0,168.1702,0,168.2412,0,168.3121,0,168.383,0,168.6152,0,168.8473,0,168.4596,0,167.2574,0,166.0506,0,164.8405,0,163.628,0,163.2668,0,162.9062,0,162.5461,0,162.1867,0,161.8278,0,161.5141,0,161.2966
0,183.6743,0,182.3248,0,180.9715,0,179.2603,0,176.9156,0,174.2315,0,171.5507,0,168.8846,0,168.0171,0,167.6127,0,167.5926,0,167.5724,0,167.5523,0,167.5322,0,167.5121,0,167.7287,0,167.9453,0,168.162,0,168.3737,0,168.4446,0,168.5155,0,168.5865,0,168.8186,0,168.0248,0,166.8211,0,165.6133,0,164.4024,0,163.1895,0,161.9757,0,161.6159,0,161.2567,0,160.8983,0,160.5405,0,160.1835,0,159.8273,0,159.9245
0,183.6743,0,182.3248,0,180.9715,0,179.3479,0,177.0223,0,174.3683,0,171.6875,0,169.021,0,168.1535,0,167.3741,0,167.354,0,167.3339,0,167.3137,0,167.2936,0,167.2735,0,167.4902,0,167.7068,0,167.9235,0,168.1401,0,168.3567,0,168.5733,0,168.7899,0,167.5896,0,166.3845,0,165.1757,0,163.9642,0,162.7511,0,161.5375,0,160.3244,0,159.9666,0,159.6095,0,159.2532,0,158.8977,0,158.7194,0,159.6343,0,160.5491
0,183.6743,0,182.3248,0,180.9715,0,179.4355,0,177.1103,0,174.5051,0,171.8244,0,169.1574,0,168.2898,0,167.4221,0,167.1153,0,167.0952,0,167.0751,0,167.055,0,167.0349,0,167.2516,0,167.4682,0,167.6849,0,167.9016,0,168.1182,0,168.3349,0,167.2998,0,166.0364,0,164.7699,0,163.5259,0,162.3128,0,161.0995,0,159.8872,0,158.6769,0,158.3215,0,157.9671,0,157.6136,0,158.4286,0,159.3439,0,160.2592,0,161.1742
0,183.6743,0,182.3248,0,180.9715,0,179.523,0,177.1983,0,174.6418,0,171.9613,0,169.2938,0,168.4262,0,167.5584,0,166.8766,0,166.8565,0,166.8364,0,166.8164,0,166.7963,0,167.0129,0,167.2296,0,167.4463,0,167.663,0,167.8797,0,167.6565,0,165.8015,0,164.5336,0,163.2641,0,161.9941,0,160.7249,0,159.4577,0,158.2413,0,157.0358,0,156.6835,0,157.2226,0,158.1375,0,159.0532,0,159.969,0,160.8846,0,161.7994
0,183.6743,0,182.3248,0,180.9715,0,179.6106,0,177.2862,0,174.7784,0,172.0981,0,169.4302,0,168.5626,0,167.6947,0,166.8269,0,166.6179,0,166.5978,0,166.5777,0,166.5576,0,166.7743,0,166.991,0,167.2077,0,167.4244,0,167.6411,0,166.1615,0,164.297,0,163.0263,0,161.7555,0,160.4857,0,159.2182,0,157.9541,0,156.6948,0,155.88,0,156.9311,0,157.8463,0,158.7622,0,159.6785,0,160.5946,0,161.5102,0,162.4247
0,183.6743,0,182.3248,0,180.9715,0,179.6159,0,177.3742,0,174.915,0,172.2349,0,169.5666,0,168.6991,0,167.8311,0,166.9631,0,166.3791,0,166.3591,0,166.339,0,166.3189,0,166.5356,0,166.7523,0,166.969,0,167.1857,0,166.5204,0,164.6598,0,162.7882,0,161.5166,0,160.2462,0,158.9784,0,157.7143,0,156.4551,0,155.5779,0,155.998,0,157.1476,0,158.2998,0,159.3876,0,160.3043,0,161.2206,0,162.1359,0,163.0499
0,183.6743,0,182.3248,0,180.9715,0,179.6159,0,177.4621,0,175.0516,0,172.3717,0,169.703,0,168.8355,0,167.9675,0,167.0994,0,166.2316,0,166.1204,0,166.1003,0,166.0802,0,166.2969,0,166.5136,0,166.7303,0,166.8781,0,165.0216,0,163.1534,0,161.2774,0,160.0066,0,158.7384,0,157.4743,0,156.2153,0,155.2758,0,155.6959,0,156.116,0,157.2658,0,158.418,0,159.5717,0,160.7259,0,161.8468,0,162.7617,0,163.6749
0,183.6743,0,182.3248,0,180.9715,0,179.6159,0,177.55,0,175.1881,0,172.5084,0,169.8395,0,168.972,0,168.1039,0,167.2357,0,166.3678,0,165.8817,0,165.8616,0,165.8416,0,166.0582,0,166.2748,0,166.4915,0,165.3824,0,163.5177,0,161.6444,0,159.7666,0,158.4983,0,157.2341,0,155.9754,0,154.9736,0,155.3937,0,155.8139,0,156.2339,0,157.3839,0,158.5361,0,159.6897,0,160.8438,0,161.9974,0,163.1496,0,164.2995
0,183.6743,0,182.3248,0,180.9715,0,179.6159,0,177.6379,0,175.3117,0,172.6452,0,169.9759,0,169.1084,0,168.2404,0,167.3721,0,166.504,0,165.643,0,165.6229,0,165.6029,0,165.8195,0,166.0361,0,165.7421,0,163.881,0,162.0106,0,160.1349,0,158.2579,0,156.9938,0,155.7354,0,154.6714,0,155.0916,0,155.5117,0,155.9319,0,156.3519,0,157.502,0,158.6542,0,159.8078,0,160.9617,0,162.1151,0,162.9657,0,163.4094
0,183.6743,0,182.3248,0,180.9715,0,179.6159,0,177.7257,0,175.3998,0,172.7819,0,170.1123,0,169.2449,0,168.3768,0,167.5085,0,166.6402,0,165.7725,0,165.3843,0,165.3643,0,165.5808,0,165.7974,0,164.2434,0,162.3761,0,160.5026,0,158.627,0,156.7534,0,155.4953,0,154.3692,0,154.7894,0,155.2095,0,155.6297,0,156.0499,0,156.4699,0,157.6201,0,158.7723,0,159.9258,0,161.0796,0,161.6293,0,162.0739,0,162.5181
0,183.6743,0,182.3248,0,180.9715,0,179.6159,0,177.8136,0,175.4878,0,172.9186,0,170.2488,0,169.3814,0,168.5133,0,167.6449,0,166.7765,0,165.9086,0,165.1456,0,165.1256,0,165.3421,0,164.6049,0,162.7407,0,160.8696,0,158.9956,0,157.1228,0,155.2551,0,154.0671,0,154.4872,0,154.9073,0,155.3275,0,155.7477,0,156.1679,0,156.5879,0,157.7381,0,158.8904,0,159.847,0,160.2919,0,160.7368,0,161.1816,0,161.6262
0,183.6743,0,182.3248,0,180.9715,0,179.6159,0,177.9014,0,175.5759,0,173.0552,0,170.3852,0,169.5179,0,168.6498,0,167.7813,0,166.9128,0,166.0448,0,165.1775,0,164.8871,0,164.9654,0,163.1044,0,161.2359,0,159.3637,0,157.4918,0,155.6243,0,153.765,0,154.185,0,154.6051,0,155.0253,0,155.4455,0,155.8657,0,156.2859,0,156.7059,0,157.8562,0,158.5103,0,158.9549,0,159.3997,0,159.8445,0,160.2893,0,160.734
0,183.6743,0,182.3248,0,180.9715,0,179.6159,0,177.9892,0,175.6639,0,173.1918,0,170.5217,0,169.6544,0,168.7863,0,167.9178,0,167.0492,0,166.1809,0,165.3134,0,164.6485,0,163.4673,0,161.6015,0,160.0549,0,158.772,0,157.4893,0,156.2083,0,154.93,0,155.2146,0,155.4991,0,155.7834,0,156.0676,0,156.3517,0,156.6356,0,156.8945,0,157.1759,0,157.6198,0,158.0639,0,158.5083,0,158.9528,0,159.3974,0,159.842
0,183.6743,0,182.3248,0,180.9715,0,179.6159,0,178.0769,0,175.752,0,173.3284,0,170.6581,0,169.7909,0,168.9229,0,168.0543,0,167.1856,0,166.3172,0,165.4494,0,164.8033,0,163.7852,0,162.5085,0,161.2284,0,159.9461,0,158.6629,0,157.3801,0,156.0989,0,156.3836,0,156.6682,0,156.9525,0,157.2367,0,157.5207,0,157.8044,0,157.7906,0,157.65,0,157.5095,0,157.3691,0,157.6181,0,158.0621,0,158.5063,0,158.9506
0,183.6743,0,182.3248,0,180.9715,0,179.6159,0,178.1647,0,175.84,0,173.4649,0,170.7945,0,169.9275,0,169.0594,0,168.1908,0,167.322,0,166.4534,0,165.6088,0,165.4176,0,164.8114,0,163.6778,0,162.4006,0,161.12,0,159.8373,0,158.5538,0,157.2708,0,157.5554,0,157.8398,0,158.1239,0,158.4078,0,158.6914,0,158.7588,0,158.688,0,158.5471,0,158.4063,0,158.2655,0,158.1248,0,157.9842,0,157.8436,0,158.0602
0,183.6743,0,182.3248,0,180.9715,0,179.6159,0,178.2524,0,175.928,0,173.6014,0,170.9309,0,170.064,0,169.196,0,168.3273,0,167.4585,0,166.5897,0,166.2239,0,166.0326,0,165.4256,0,164.8196,0,163.5704,0,162.2926,0,161.0115,0,159.7284,0,158.4446,0,158.7289,0,159.0129,0,159.2965,0,159.5799,0,159.7284,0,159.6573,0,159.5863,0,159.4451,0,159.304,0,159.163,0,159.0221,0,158.8811,0,158.7403,0,156.2021
0,183.6743,0,182.3248,0,180.9715,0,179.6159,0,178.2596,0,176.016,0,173.6934,0,171.0674,0,170.2005,0,169.3326,0,168.4639,0,167.595,0,167.0309,0,166.8396,0,166.6482,0,166.0405,0,165.4337,0,164.737,0,163.4629,0,162.1845,0,160.9029,0,159.6194,0,159.9031,0,160.1864,0,160.4694,0,160.699,0,160.6276,0,160.5563,0,160.485,0,160.3437,0,160.2024,0,160.0612,0,159.92,0,159.43,0,156.7652,0,154.0877
0,183.6743,0,182.3248,0,180.9715,0,179.6159,0,178.2596,0,176.1039,0,173.7814,0,171.2038,0,170.337,0,169.4692,0,168.6005,0,167.8384,0,167.6471,0,167.4558,0,167.2644,0,166.6561,0,166.0485,0,165.4417,0,164.6301,0,163.3553,0,162.0763,0,160.7943,0,161.0771,0,161.3596,0,161.6416,0,161.5983,0,161.5267,0,161.4552,0,161.3837,0,161.2423,0,161.1009,0,160.9596,0,159.9972,0,157.3303,0,154.6483,0,151.9628
0,183.6743,0,182.3248,0,180.9715,0,179.6159,0,178.2596,0,176.1919,0,173.8694,0,171.3401,0,170.4736,0,169.6057,0,168.7371,0,168.4548,0,168.2635,0,168.0722,0,167.8809,0,167.2722,0,166.664,0,166.0565,0,165.4498,0,164.5231,0,163.2477,0,161.9681,0,162.2499,0,162.5312,0,162.5688,0,162.4971,0,162.4253,0,162.3536,0,162.282,0,162.1405,0,161.9991,0,160.5658,0,157.8974,0,155.2113,0,152.5193,0,149.8332
0,183.6743,0,182.3248,0,180.9715,0,179.6159,0,178.2596,0,176.2799,0,173.9573,0,171.4765,0,170.6101,0,169.7423,0,169.2623,0,169.0712,0,168.8801,0,168.6889,0,168.4976,0,167.8886,0,167.28,0,166.6719,0,166.0644,0,165.4578,0,164.416,0,163.14,0,163.4205,0,163.5386,0,163.4667,0,163.3948,0,163.323,0,163.2512,0,163.1794,0,163.038,0,161.1358,0,158.4663,0,155.7767,0,153.0787,0,150.3841,0,147.7048
0,183.6743,0,182.3248,0,180.9715,0,179.6159,0,178.2596,0,176.3678,0,174.0453,0,171.6129,0,170.7466,0,170.0693,0,169.8785,0,169.6876,0,169.4966,0,169.3055,0,169.1144,0,168.5052,0,167.8963,0,167.2878,0,166.6797,0,166.0724,0,165.4659,0,164.3089,0,164.5072,0,164.4352,0,164.3632,0,164.2912,0,164.2193,0,164.1473,0,164.0754,0,161.7069,0,159.037,0,156.3445,0,153.6408,0,150.9382,0,148.2485,0,145.5834
0,183.6743,0,182.3248,0,180.9715,0,179.6159,0,178.2596,0,176.4557,0,174.1333,0,171.7492,0,170.8831,0,170.6851,0,170.4945,0,170.3038,0,170.113,0,169.9221,0,169.7311,0,169.1219,0,168.5128,0,167.904,0,167.2955,0,166.6876,0,166.0804,0,165.4739,0,165.132,0,164.7899,0,164.4476,0,164.1051,0,163.7626,0,163.4199,0,163.0771,0,160.2601,0,157.407,0,154.5316,0,151.6481,0,148.7958,0,146.1185,0,143.4748
0,183.6743,0,182.3248,0,180.9715,0,179.6159,0,178.2596,0,176.5436,0,174.2213,0,171.8856,0,171.4906,0,171.3004,0,171.1101,0,170.9196,0,170.729,0,170.5384,0,170.3476,0,169.7385,0,169.1294,0,168.5204,0,167.9117,0,167.3033,0,166.5203,0,165.3302,0,163.9453,0,163.6023,0,163.2592,0,162.916,0,162.5728,0,162.2296,0,161.8863,0,159.059,0,156.2015,0,153.3276,0,150.4518,0,147.5884,0,144.7515,0,143.7518
0,183.6743,0,182.3248,0,180.9715,0,179.6159,0,178.2596,0,176.6315,0,174.3092,0,171.9941,0,172.1014,0,171.9151,0,171.7251,0,171.5349,0,171.3446,0,171.1542,0,170.9637,0,170.3549,0,169.7459,0,169.1369,0,168.528,0,167.5686,0,166.3765,0,165.1865,0,163.7605,0,162.4109,0,162.0673,0,161.7237,0,161.3802,0,161.0367,0,160.6933,0,157.8582,0,154.9987,0,152.129,0,149.2632,0,146.4158,0,145.4657,0,145.6203
0,183.6743,0,182.3248,0,180.9715,0,179.6159,0,178.2596,0,176.7194,0,174.3972,0,172.0819,0,172.129,0,172.2706,0,172.3395,0,172.1496,0,171.9597,0,171.7696,0,171.5793,0,170.9709,0,170.3622,0,169.7533,0,168.6182,0,167.4248,0,166.2327,0,165.0428,0,163.6165,0,162.1851,0,160.873,0,160.5293,0,160.1857,0,159.8423,0,159.4991,0,156.6586,0,153.7997,0,150.9365,0,148.0833,0,147.1852,0,147.3409,0,147.4968
0,183.6743,0,182.3248,0,180.9715,0,179.6159,0,178.2596,0,176.8072,0,174.4851,0,172.1697,0,172.1583,0,172.2982,0,172.4398,0,172.5814,0,172.5739,0,172.3842,0,172.1943,0,171.5864,0,170.8613,0,169.6683,0,168.4745,0,167.281,0,166.0888,0,164.8991,0,163.4726,0,162.041,0,160.6062,0,159.3338,0,158.9905,0,158.6474,0,158.3046,0,155.4613,0,152.6055,0,149.7514,0,148.9071,0,149.0637,0,149.2204,0,149.3773
0,183.6743,0,182.3248,0,180.9715,0,179.6159,0,178.2596,0,176.895,0,174.5731,0,172.2574,0,172.246,0,172.3258,0,172.4674,0,172.609,0,172.7506,0,172.8922,0,172.8085,0,171.91,0,170.7182,0,169.5247,0,168.3307,0,167.1371,0,165.945,0,164.7554,0,163.3286,0,161.897,0,160.4622,0,159.0262,0,157.7955,0,157.4531,0,157.111,0,154.2673,0,151.4171,0,150.6283,0,150.7855,0,150.9429,0,151.1003,0,151.2578
0,183.6743,0,182.3248,0,180.9715,0,179.6159,0,178.2596,0,176.904,0,174.661,0,172.3452,0,172.3338,0,172.3534,0,172.495,0,172.6366,0,172.7782,0,172.9198,0,173.0614,0,171.7672,0,170.5749,0,169.3811,0,168.1869,0,166.9932,0,165.8011,0,164.6117,0,163.1846,0,161.7529,0,160.3184,0,158.8827,0,157.4477,0,156.2604,0,155.9193,0,153.0777,0,152.3458,0,152.5033,0,152.661,0,152.8187,0,152.9765,0,153.1343
0,183.6743,0,182.3248,0,180.9715,0,179.6159,0,178.2596,0,176.904,0,174.749,0,172.433,0,172.4216,0,172.4102,0,172.5226,0,172.6642,0,172.8058,0,172.9474,0,173.089,0,171.7873,0,170.4823,0,169.2375,0,168.043,0,166.8493,0,165.6572,0,164.468,0,163.0407,0,161.609,0,160.1745,0,158.7392,0,157.3047,0,155.8728,0,154.7305,0,154.0565,0,154.214,0,154.3717,0,154.5294,0,154.6871,0,154.8449,0,155.0028
0,183.6743,0,182.3248,0,180.9715,0,179.6159,0,178.2596,0,176.904,0,174.8369,0,172.5208,0,172.5094,0,172.498,0,172.5502,0,172.6918,0,172.8335,0,172.9751,0,173.1167,0,171.815,0,170.5099,0,169.203,0,167.8991,0,166.7053,0,165.5133,0,164.3242,0,162.8968,0,161.4651,0,160.0308,0,158.5957,0,157.1618,0,155.9754,0,154.8297,0,153.8247,0,154.1261,0,154.4276,0,154.729,0,155.0305,0,155.3319,0,155.6333
0,183.6743,0,182.3248,0,180.9715,0,179.6159,0,178.2596,0,176.904,0,174.9248,0,172.6085,0,172.5971,0,172.5857,0,172.5778,0,172.7195,0,172.8611,0,173.0027,0,173.1443,0,171.8426,0,170.5376,0,169.2306,0,167.9229,0,166.616,0,165.3694,0,164.1805,0,162.7529,0,161.3212,0,160.0097,0,158.8582,0,157.7073,0,156.5581,0,155.4114,0,153.7806,0,152.9099,0,153.2114,0,153.5131,0,153.8148,0,154.1165,0,154.4183
0,183.6743,0,182.3248,0,180.9715,0,179.6159,0,178.2596,0,176.904,0,175.0127,0,172.6963,0,172.6849,0,172.6735,0,172.6621,0,172.7471,0,172.8887,0,173.0303,0,173.1719,0,171.8703,0,170.5652,0,169.2582,0,167.9505,0,166.6435,0,165.3385,0,164.0368,0,162.8908,0,161.7423,0,160.5921,0,159.4412,0,158.2905,0,157.1409,0,155.9934,0,154.3625,0,152.7297,0,151.994,0,152.2956,0,152.5972,0,152.899,0,153.2009
0,183.6743,0,182.3248,0,180.9715,0,179.6159,0,178.2596,0,176.904,0,175.1006,0,172.7841,0,172.7727,0,172.7613,0,172.7499,0,172.7747,0,172.9163,0,173.0579,0,173.1995,0,171.8979,0,170.5929,0,169.2858,0,167.9781,0,166.671,0,165.3658,0,164.4566,0,163.4344,0,162.3226,0,161.1737,0,160.0236,0,158.8733,0,157.7236,0,156.5755,0,154.9449,0,153.3114,0,151.6777,0,151.0775,0,151.3789,0,151.6804,0,151.9822
0,183.6743,0,182.3248,0,180.9715,0,179.6159,0,178.2596,0,176.904,0,175.1885,0,172.8719,0,172.8605,0,172.8491,0,172.8377,0,172.8263,0,172.9439,0,173.0855,0,173.2271,0,171.9255,0,170.6206,0,169.3135,0,168.0057,0,166.6985,0,165.6612,0,164.8766,0,163.8543,0,162.8314,0,161.7544,0,160.6054,0,159.4556,0,158.3061,0,157.1577,0,155.5278,0,153.8939,0,152.2589,0,150.6253,0,150.1609,0,150.4619,0,150.7632
0,183.6743,0,182.3248,0,180.9715,0,179.6159,0,178.2596,0,176.904,0,175.2764,0,172.9597,0,172.9483,0,172.9369,0,172.9255,0,172.9141,0,172.9715,0,173.1131,0,173.2547,0,171.9532,0,170.6482,0,169.3411,0,168.0332,0,166.8687,0,166.0819,0,165.2968,0,164.2744,0,163.2512,0,162.228,0,161.1863,0,160.0374,0,158.8883,0,157.7398,0,156.1108,0,154.477,0,152.8411,0,151.2056,0,149.5733,0,149.2446,0,149.5451
0,183.6743,0,182.3248,0,180.9715,0,179.6159,0,178.2596,0,176.904,0,175.3642,0,173.0475,0,173.0361,0,173.0247,0,173.0133,0,173.0018,0,172.9991,0,173.1407,0,173.2823,0,171.9808,0,170.6759,0,169.3687,0,168.0781,0,167.2897,0,166.5026,0,165.717,0,164.6947,0,163.6714,0,162.6477,0,161.6242,0,160.6017,0,159.4701,0,158.3217,0,156.694,0,155.0606,0,153.4241,0,151.7871,0,150.1523,0,148.5223,0,148.329
0,183.6743,0,182.3248,0,180.9715,0,179.6159,0,178.2596,0,176.904,0,175.4521,0,173.1353,0,173.1239,0,173.1125,0,173.101,0,173.0896,0,173.0782,0,173.1683,0,173.3099,0,172.0085,0,170.7035,0,169.3964,0,168.4991,0,167.7106,0,166.9232,0,166.1372,0,165.1152,0,164.0918,0,163.0678,0,162.0438,0,161.0204,0,159.9983,0,158.9033,0,157.2773,0,155.6445,0,154.0077,0,152.3695,0,150.7283,0,149.0644,0,147.4077
0,183.6743,0,182.3248,0,180.9715,0,179.6159,0,178.2596,0,176.904,0,175.5399,0,173.2231,0,173.2117,0,173.2002,0,173.1888,0,173.1774,0,173.166,0,173.1959,0,173.3375,0,172.0361,0,170.7312,0,169.709,0,168.9199,0,168.1314,0,167.3438,0,166.5575,0,165.5358,0,164.5124,0,163.4882,0,162.4637,0,161.4396,0,160.4165,0,159.5694,0,157.6439,0,155.9808,0,154.3133,0,152.644,0,150.976,0,149.3119,0,147.6546
0,183.6743,0,182.3248,0,180.9715,0,179.6159,0,178.2596,0,176.904,0,175.5507,0,173.3109,0,173.2994,0,173.288,0,173.2766,0,173.2652,0,173.2538,0,173.2424,0,173.3651,0,172.0638,0,170.9182,0,170.1292,0,169.3403,0,168.5519,0,167.7643,0,166.9777,0,165.9564,0,164.9333,0,163.9089,0,162.884,0,161.9381,0,161.1217,0,160.3067,0,158.1889,0,156.2263,0,154.5599,0,152.8914,0,151.2236,0,149.5594,0,147.9016
0,183.6743,0,182.3248,0,180.9715,0,179.6159,0,178.2596,0,176.904,0,175.5507,0,173.3986,0,173.3872,0,173.3758,0,173.3644,0,173.353,0,173.3415,0,173.3301,0,173.3928,0,172.1258,0,171.3375,0,170.549,0,169.7604,0,168.9722,0,168.1845,0,167.3978,0,166.3771,0,165.3542,0,164.3299,0,163.4952,0,162.6775,0,161.8605,0,161.0447,0,158.927,0,156.8034,0,154.8063,0,153.1386,0,151.4712,0,149.8069,0,148.1486
0,183.6743,0,182.3248,0,180.9715,0,179.6159,0,178.2596,0,176.904,0,175.5507,0,173.4864,0,173.475,0,173.4636,0,173.4522,0,173.4407,0,173.4293,0,173.4179,0,173.4204,0,172.5438,0,171.7563,0,170.9683,0,170.1802,0,169.3922,0,168.6046,0,167.8178,0,166.7977,0,165.8699,0,165.0522,0,164.2344,0,163.4167,0,162.5995,0,161.7831,0,159.6662,0,157.5414,0,155.4144,0,153.3856,0,151.7186,0,150.0543,0,148.3955
0,183.6743,0,182.3248,0,180.9715,0,179.6159,0,178.2596,0,176.904,0,175.5507,0,173.5742,0,173.5628,0,173.5514,0,173.5399,0,173.5285,0,173.5171,0,173.5057,0,173.1387,0,172.4962,0,171.7863,0,171.0762,0,170.366,0,169.656,0,168.9465,0,168.2376,0,167.4228,0,166.6069,0,165.7901,0,164.9729,0,164.1555,0,163.3383,0,162.5216,0,160.4063,0,158.281,0,156.1515,0,154.0237,0,151.9658,0,150.3016,0,148.6425
0,183.6743,0,182.3248,0,180.9715,0,179.6159,0,178.2596,0,176.904,0,175.5507,0,173.662,0,173.6506,0,173.6391,0,173.6277,0,173.6163,0,173.6049,0,173.2981,0,172.764,0,172.188,0,171.4977,0,170.7873,0,170.0769,0,169.3668,0,168.6573,0,167.9484,0,167.6654,0,167.3424,0,166.5268,0,165.7105,0,164.8936,0,164.0767,0,163.26,0,161.1469,0,159.0218,0,156.8905,0,154.7589,0,152.6327,0,150.5489,0,148.8894
0,183.6743,0,182.3248,0,180.9715,0,179.6159,0,178.2596,0,176.904,0,175.5507,0,173.7498,0,173.7384,0,173.7269,0,173.7155,0,173.7041,0,173.4576,0,172.9235,0,172.3892,0,171.8128,0,171.2089,0,170.4982,0,169.7877,0,169.0775,0,168.3679,0,167.6592,0,167.3761,0,167.093,0,166.8099,0,166.4469,0,165.6309,0,164.8145,0,163.998,0,161.8879,0,159.7638,0,157.6313,0,155.4965,0,153.3652,0,151.2433,0,149.1364
0,183.6743,0,182.3248,0,180.9715,0,179.6159,0,178.2596,0,176.904,0,175.5507,0,173.8376,0,173.8261,0,173.8147,0,173.8033,0,173.617,0,173.083,0,172.5487,0,172.0142,0,171.4375,0,170.86,0,170.2089,0,169.4983,0,168.7881,0,168.0785,0,167.3699,0,167.0868,0,166.8037,0,166.5205,0,166.2374,0,165.9543,0,165.5514,0,164.7354,0,162.629,0,160.5065,0,158.4781,0,156.7176,0,154.9577,0,153.2018,0,151.4531
0,183.6743,0,182.3248,0,180.9715,0,179.6159,0,178.2596,0,176.904,0,175.5507,0,173.9253,0,173.9139,0,173.9025,0,173.7764,0,173.2425,0,172.7082,0,172.1738,0,171.6392,0,171.0621,0,170.4844,0,169.9063,0,169.2087,0,168.4985,0,167.7891,0,167.0806,0,166.7975,0,166.5143,0,166.2312,0,165.9481,0,165.6651,0,165.3821,0,165.3092,0,164.3159,0,162.5764,0,160.8267,0,159.0699,0,157.3093,0,155.5482,0,153.7899
0,183.6743,0,182.3248,0,180.9715,0,179.6159,0,178.2596,0,176.904,0,175.5507,0,174.0131,0,174.0017,0,173.9358,0,173.402,0,172.8678,0,172.3333,0,171.7987,0,171.264,0,170.6868,0,170.1089,0,169.5306,0,168.9191,0,168.2089,0,167.4995,0,166.7913,0,166.5081,0,166.225,0,165.9419,0,165.6589,0,165.3759,0,165.3555,0,165.5977,0,165.4774,0,164.9002,0,163.1643,0,161.4171,0,159.6616,0,157.9013,0,156.1394
0,183.6743,0,182.3248,0,180.9715,0,179.6159,0,178.2596,0,176.904,0,175.5507,0,174.1009,0,174.0894,0,173.5614,0,173.0273,0,172.4929,0,171.9583,0,171.4236,0,170.8889,0,170.3114,0,169.7335,0,169.1552,0,168.5766,0,167.9192,0,167.21,0,166.5019,0,166.2188,0,165.9357,0,165.6527,0,165.3697,0,165.4018,0,165.644,0,165.8862,0,165.7659,0,165.6456,0,165.4833,0,163.7513,0,162.0069,0,160.2533,0,158.4936
0,183.6743,0,182.3248,0,180.9715,0,179.6159,0,178.2596,0,176.904,0,175.5507,0,174.1886,0,173.7209,0,173.1868,0,172.6524,0,172.1178,0,171.5831,0,171.0484,0,170.5137,0,169.9361,0,169.3581,0,168.7798,0,168.2013,0,167.6228,0,166.9204,0,166.2126,0,165.9295,0,165.6465,0,165.3635,0,165.4481,0,165.6903,0,165.9325,0,166.1748,0,166.0544,0,165.9341,0,165.8138,0,165.6935,0,164.3373,0,162.5961,0,160.8446
0,183.6743,0,182.3248,0,180.9715,0,179.6159,0,178.2596,0,176.904,0,175.5507,0,174.1254,0,173.349,0,172.812,0,172.2774,0,171.7427,0,171.2079,0,170.6731,0,170.1385,0,169.5609,0,168.9828,0,168.4046,0,167.8263,0,167.248,0,166.6308,0,165.9233,0,165.6403,0,165.3573,0,165.4945,0,165.7366,0,165.9789,0,166.2211,0,166.4634,0,166.343,0,166.2227,0,166.1023,0,165.982,0,165.8617,0,164.9222,0,163.1846
0,183.6743,0,182.3248,0,180.9715,0,179.6159,0,178.2596,0,176.904,0,175.5507,0,174.0369,0,173.2605,0,172.4833,0,171.9023,0,171.3674,0,170.8326,0,170.2979,0,169.7634,0,169.1857,0,168.6078,0,168.0297,0,167.4515,0,166.8735,0,166.2957,0,165.6341,0,165.3511,0,165.5408,0,165.783,0,166.0252,0,166.2674,0,166.5097,0,166.7519,0,166.6316,0,166.5112,0,166.3909,0,166.2705,0,166.1502,0,166.0299,0,165.5059
0,183.6743,0,182.3248,0,180.9715,0,179.6159,0,178.2596,0,176.904,0,175.5507,0,173.9485,0,173.172,0,172.3948,0,171.617,0,170.9922,0,170.4574,0,169.9228,0,169.3885,0,168.8107,0,168.2329,0,167.6549,0,167.0771,0,166.4993,0,165.9219,0,165.3449,0,165.5871,0,165.8293,0,166.0715,0,166.3138,0,166.556,0,166.7983,0,167.0405,0,166.9201,0,166.7998,0,166.6794,0,166.5591,0,166.4633,0,166.5195,0,166.5758
0,183.6743,0,182.3248,0,180.9715,0,179.6159,0,178.2596,0,176.904,0,175.5507,0,173.86,0,173.0835,0,172.3062,0,171.5285,0,170.7506,0,170.0822,0,169.5477,0,169.0136,0,168.4359,0,167.8582,0,167.2805,0,166.7029,0,166.2295,0,166.0302,0,165.8309,0,166.0218,0,166.2128,0,166.4037,0,166.6023,0,166.8446,0,167.0868,0,167.329,0,167.2087,0,167.0883,0,167.1115,0,167.1679,0,167.2243,0,167.2807,0,167.3371
0,183.6743,0,182.3248,0,180.9715,0,179.6159,0,178.2596,0,176.904,0,175.5507,0,173.7716,0,172.995,0,172.2177,0,171.44,0,170.6621,0,169.8844,0,169.1727,0,168.6389,0,168.0613,0,167.4838,0,167.1143,0,166.915,0,166.7157,0,166.5164,0,166.317,0,166.508,0,166.699,0,166.89,0,167.0809,0,167.2718,0,167.4626,0,167.8116,0,167.7599,0,167.8163,0,167.8728,0,167.9293,0,167.9858,0,168.0424,0,168.0989
0,183.6743,0,182.3248,0,180.9715,0,179.6159,0,178.2596,0,176.904,0,175.5507,0,173.6831,0,172.9065,0,172.1292,0,171.3514,0,170.5736,0,169.796,0,169.0188,0,168.2643,0,167.999,0,167.7999,0,167.6007,0,167.4014,0,167.2021,0,167.0028,0,166.8035,0,166.9945,0,167.1854,0,167.3763,0,167.5672,0,167.7581,0,167.9602,0,169.1708,0,168.836,0,168.5778,0,168.6344,0,168.691,0,168.7476,0,168.8043,0,168.8609
0,183.6743,0,182.3248,0,180.9715,0,179.6159,0,178.2596,0,176.904,0,175.5507,0,173.5946,0,172.818,0,172.0406,0,171.2629,0,170.4852,0,169.7076,0,168.9305,0,168.334,0,168.4853,0,168.2862,0,168.0871,0,167.8879,0,167.6886,0,167.4893,0,167.29,0,167.481,0,167.6719,0,167.8628,0,168.0536,0,168.2444,0,169.3193,0,170.5344,0,170.1978,0,169.8618,0,169.5265,0,169.4527,0,169.5094,0,169.5661,0,169.6229
0,183.6743,0,182.3248,0,180.9715,0,179.6159,0,178.2596,0,176.904,0,175.5507,0,173.5062,0,172.7294,0,171.9521,0,171.1744,0,170.3967,0,169.6192,0,168.8422,0,168.4407,0,168.617,0,168.7724,0,168.5734,0,168.3743,0,168.1751,0,167.9759,0,167.7766,0,167.9675,0,168.1584,0,168.3492,0,168.54,0,169.4677,0,170.6827,0,171.9011,0,171.563,0,171.2255,0,170.8886,0,170.5522,0,170.2709,0,170.3277,0,170.3845
0,183.6743,0,182.3248,0,180.9715,0,179.6159,0,178.2596,0,176.904,0,175.5507,0,173.4177,0,172.6409,0,171.8636,0,171.0859,0,170.3083,0,169.5308,0,168.773,0,168.5474,0,168.7237,0,168.9,0,169.0596,0,168.8606,0,168.6616,0,168.4624,0,168.2632,0,168.4541,0,168.6448,0,168.8356,0,169.616,0,170.8308,0,172.0489,0,173.2691,0,172.9301,0,172.5914,0,172.2532,0,171.9155,0,171.5783,0,171.2416,0,171.1456
0,183.6743,0,182.3248,0,180.9715,0,179.6159,0,178.2596,0,176.904,0,175.5507,0,173.3292,0,172.5524,0,171.7751,0,170.9974,0,170.2198,0,169.4425,0,168.8797,0,168.6541,0,168.8304,0,169.0067,0,169.183,0,169.3468,0,169.1479,0,168.9489,0,168.7498,0,168.9405,0,169.1312,0,169.7642,0,170.9788,0,172.1965,0,173.4163,0,174.6371,0,174.2973,0,173.9579,0,173.6189,0,173.2802,0,172.9419,0,172.4459,0,171.1604
0,183.6743,0,182.3248,0,180.9715,0,179.6159,0,178.2596,0,176.904,0,175.5507,0,173.2408,0,172.4639,0,171.6866,0,170.909,0,170.1314,0,169.3542,0,168.9864,0,168.7608,0,168.9371,0,169.1134,0,169.2897,0,169.466,0,169.634,0,169.4351,0,169.2362,0,169.4268,0,169.9124,0,171.1267,0,172.3441,0,173.5634,0,174.7835,0,176.0033,0,175.6633,0,175.3235,0,174.984,0,174.5393,0,173.2509,0,171.9634,0,170.678
0,183.6743,0,182.3248,0,180.9715,0,179.6159,0,178.2596,0,176.904,0,175.5507,0,173.1523,0,172.3754,0,171.5981,0,170.8205,0,170.043,0,169.3189,0,169.0931,0,168.8675,0,169.0438,0,169.2201,0,169.3964,0,169.5727,0,169.749,0,169.9212,0,169.7224,0,170.0604,0,171.2745,0,172.4915,0,173.7103,0,174.9297,0,176.1488,0,177.3663,0,177.0264,0,176.634,0,175.3463,0,174.0573,0,172.7683,0,171.4806,0,170.1954
0,183.6743,0,182.3248,0,180.9715,0,179.6159,0,178.2596,0,176.904,0,175.5507,0,173.0638,0,172.2869,0,171.5096,0,170.732,0,169.9546,0,169.4256,0,169.1999,0,168.9742,0,169.1505,0,169.3268,0,169.5031,0,169.6794,0,169.8557,0,170.032,0,170.2083,0,171.4222,0,172.6388,0,173.857,0,175.0758,0,176.294,0,177.5106,0,178.7245,0,177.4409,0,176.1538,0,174.8647,0,173.5747,0,172.2852,0,170.9975,0,169.7128
0,183.6743,0,182.3248,0,180.9715,0,179.6159,0,178.2596,0,176.904,0,175.5507,0,172.9754,0,172.1984,0,171.4211,0,170.6436,0,169.8662,0,169.5323,0,169.3066,0,169.0809,0,169.2572,0,169.4335,0,169.6098,0,169.7861,0,169.9624,0,170.1335,0,169.8453,0,170.0569,0,171.271,0,172.488,0,173.7067,0,174.9262,0,176.1453,0,177.3628,0,176.5311,0,175.6727,0,174.3823,0,173.0915,0,171.8017,0,170.5142,0,169.2302
0,183.6743,0,182.3248,0,180.9715,0,179.6159,0,178.2596,0,176.904,0,175.5362,0,172.8869,0,172.1099,0,171.3326,0,170.5552,0,169.8649,0,169.6391,0,169.4133,0,169.1876,0,169.3639,0,169.5402,0,169.7165,0,169.8928,0,170.0588,0,169.7706,0,169.4823,0,169.5249,0,169.9053,0,171.1197,0,172.337,0,173.5563,0,174.7764,0,175.9963,0,175.1625,0,174.3281,0,173.4933,0,172.6079,0,171.3179,0,170.0308,0,168.7477
0,183.6743,0,182.3248,0,180.9715,0,179.6159,0,178.2596,0,176.904,0,175.4477,0,172.7984,0,172.0214,0,171.2441,0,170.4667,0,169.9716,0,169.7458,0,169.52,0,169.2943,0,169.4706,0,169.6469,0,169.8232,0,169.984,0,169.6958,0,169.4075,0,169.1191,0,169.1618,0,169.2044,0,169.7537,0,170.9682,0,172.186,0,173.4058,0,174.6265,0,173.7917,0,172.9567,0,172.122,0,171.2879,0,170.4548,0,169.5473,0,168.2653
0,183.6743,0,182.3248,0,180.9715,0,179.6159,0,178.2596,0,176.904,0,175.3592,0,172.7099,0,171.933,0,171.1557,0,170.3783,0,170.0783,0,169.8525,0,169.6267,0,169.401,0,169.5773,0,169.7536,0,169.9093,0,169.621,0,169.3327,0,169.0443,0,168.7558,0,168.7985,0,168.8412,0,168.8839,0,169.6019,0,170.8167,0,172.0348,0,173.255,0,172.4201,0,171.5856,0,170.7519,0,169.9194,0,169.0885,0,168.2594,0,167.3973
0,183.6743,0,182.3248,0,180.9715,0,179.6159,0,178.2596,0,176.904,0,175.2706,0,172.6215,0,171.8445,0,171.0672,0,170.4109,0,170.185,0,169.9592,0,169.7334,0,169.5077,0,169.684,0,169.8345,0,169.5462,0,169.2579,0,168.9695,0,168.6811,0,168.3926,0,168.4353,0,168.478,0,168.5207,0,168.5634,0,169.45,0,170.665,0,171.8834,0,171.0493,0,170.2162,0,169.3845,0,168.5546,0,167.7188,0,166.834,0,165.947
0,183.6743,0,182.3248,0,180.9715,0,179.6159,0,178.2596,0,176.904,0,175.1821,0,172.533,0,171.756,0,170.9788,0,170.5176,0,170.2917,0,170.0659,0,169.8401,0,169.6144,0,169.7597,0,169.4715,0,169.1831,0,168.8947,0,168.6063,0,168.3178,0,168.0293,0,168.0721,0,168.1148,0,168.1575,0,168.2002,0,168.243,0,169.2981,0,170.5132,0,169.6809,0,168.8501,0,168.0213,0,167.1561,0,166.27,0,165.382,0,164.4926
0,183.6743,0,182.3248,0,180.9715,0,179.6159,0,178.2596,0,176.904,0,175.0935,0,172.4445,0,171.6676,0,170.8903,0,170.6243,0,170.3984,0,170.1726,0,169.9468,0,169.7152,0,169.3967,0,169.1083,0,168.8199,0,168.5315,0,168.243,0,167.9546,0,167.6661,0,167.7088,0,167.7516,0,167.7943,0,167.8371,0,167.8798,0,167.9355,0,169.146,0,168.3164,0,167.4777,0,166.5926,0,165.7054,0,164.8166,0,163.9266,0,163.0359
0,183.6743,0,182.3248,0,180.9715,0,179.6159,0,178.2596,0,176.904,0,175.0049,0,172.3561,0,171.5791,0,170.9569,0,170.731,0,170.5051,0,170.2793,0,170.0359,0,169.7448,0,169.2839,0,168.8229,0,168.4567,0,168.1683,0,167.8798,0,167.5914,0,167.3029,0,167.3457,0,167.3884,0,167.4312,0,167.474,0,167.5167,0,167.5594,0,167.7833,0,166.9148,0,166.0284,0,165.1403,0,164.2508,0,163.3605,0,162.4697,0,161.5788
0,183.6743,0,182.3248,0,180.9715,0,179.6159,0,178.2596,0,176.904,0,174.9163,0,172.2676,0,171.4906,0,171.0636,0,170.8377,0,170.6118,0,170.3566,0,170.0655,0,169.7744,0,169.3136,0,168.8525,0,168.3914,0,167.9303,0,167.5166,0,167.2282,0,166.9398,0,166.9826,0,167.0254,0,167.0681,0,167.0839,0,166.9465,0,166.809,0,166.6714,0,165.638,0,164.6024,0,163.6849,0,162.7944,0,161.9036,0,161.0131,0,160.1232
0,183.6743,0,182.3248,0,180.9715,0,179.6159,0,178.2596,0,176.904,0,174.8277,0,172.1792,0,171.4022,0,171.1702,0,170.9443,0,170.6774,0,170.3862,0,170.0951,0,169.8041,0,169.3432,0,168.8822,0,168.421,0,167.9599,0,167.4988,0,167.0377,0,166.5769,0,166.4393,0,166.3017,0,166.1639,0,166.0261,0,165.8882,0,165.7503,0,165.6123,0,164.577,0,163.5401,0,162.5025,0,161.4647,0,160.4478,0,159.5588,0,158.6711
0,183.6743,0,182.3248,0,180.9715,0,179.6159,0,178.2596,0,176.904,0,174.7391,0,172.0907,0,171.5027,0,171.2768,0,170.9982,0,170.707,0,170.4159,0,170.1248,0,169.8337,0,169.3729,0,168.9118,0,168.4507,0,167.9895,0,167.5284,0,167.0674,0,167.3017,0,165.5429,0,165.2427,0,165.1046,0,164.9664,0,164.8282,0,164.6899,0,164.5515,0,163.515,0,162.4776,0,161.4401,0,160.4032,0,159.3674,0,158.3336,0,157.1958
0,183.6743,0,182.3248,0,180.9715,0,179.6159,0,178.2596,0,176.904,0,174.6505,0,172.0023,0,171.6093,0,171.3189,0,171.0278,0,170.7367,0,170.4455,0,170.1544,0,169.8634,0,169.4025,0,168.9415,0,168.4803,0,168.0192,0,167.558,0,167.4179,0,168.0274,0,166.2678,0,164.5068,0,164.044,0,163.9056,0,163.767,0,163.6285,0,163.4898,0,162.4528,0,161.4156,0,160.379,0,159.3436,0,158.3101,0,157.0632,0,155.6053
0,183.6743,0,182.3248,0,180.9715,0,179.6159,0,178.2596,0,176.904,0,174.5619,0,171.9476,0,171.6397,0,171.3486,0,171.0574,0,170.7663,0,170.4752,0,170.1841,0,169.893,0,169.4322,0,168.9711,0,168.51,0,168.0488,0,167.5877,0,168.1436,0,168.7539,0,166.994,0,165.2314,0,163.4693,0,162.8442,0,162.7055,0,162.5667,0,162.4279,0,161.3911,0,160.3548,0,159.3198,0,158.2867,0,156.9305,0,155.4715,0,154.0088
0,183.6743,0,182.3248,0,180.9715,0,179.6159,0,178.2596,0,176.904,0,174.4733,0,172.0957,0,171.6708,0,171.3782,0,171.0871,0,170.796,0,170.5048,0,170.2137,0,169.9227,0,169.4618,0,169.0008,0,168.5396,0,168.0785,0,168.2597,0,168.87,0,169.4808,0,167.7212,0,165.9575,0,164.1929,0,162.4309,0,161.6442,0,161.5054,0,161.3666,0,160.3306,0,159.296,0,158.2522,0,156.7976,0,155.3376,0,153.8741,0,152.4089
0,183.6743,0,182.3248,0,180.9715,0,179.6159,0,178.2596,0,176.904,0,174.3846,0,172.2437,0,171.8188,0,171.4078,0,171.1167,0,170.8256,0,170.5345,0,170.2434,0,169.9523,0,169.4915,0,169.0304,0,168.5693,0,168.3758,0,168.986,0,169.5967,0,170.208,0,168.4492,0,166.685,0,164.9185,0,163.1532,0,161.3924,0,160.4453,0,160.3065,0,159.2722,0,158.1204,0,156.6646,0,155.2036,0,153.7392,0,152.2734,0,150.8079
0,183.6743,0,182.3248,0,180.9715,0,179.6159,0,178.2596,0,176.904,0,174.296,0,172.3918,0,171.9669,0,171.5419,0,171.1464,0,170.8552,0,170.5641,0,170.273,0,169.982,0,169.5211,0,169.0601,0,168.5989,0,169.1019,0,169.7126,0,170.3237,0,170.9351,0,169.1778,0,167.4136,0,165.6458,0,163.8778,0,162.1129,0,160.3545,0,159.2484,0,157.9884,0,156.5314,0,155.0694,0,153.6042,0,152.1377,0,150.6718,0,149.2085
0,183.6743,0,182.3248,0,180.9715,0,179.6159,0,178.2596,0,176.8625,0,174.2073,0,172.5399,0,172.1149,0,171.6899,0,171.265,0,170.8849,0,170.5938,0,170.3027,0,170.0116,0,169.5508,0,169.0897,0,169.2178,0,169.8283,0,170.4393,0,171.0506,0,171.6621,0,169.9068,0,168.1432,0,166.3746,0,164.6044,0,162.836,0,161.1713,0,159.853,0,157.6641,0,155.466,0,153.4691,0,152.002,0,150.5356,0,149.072,0,147.613
0,183.6743,0,182.3248,0,180.9715,0,179.6159,0,178.2596,0,176.7739,0,174.1187,0,172.688,0,172.263,0,171.838,0,171.413,0,170.9881,0,170.6234,0,170.3323,0,170.0412,0,169.5804,0,169.3336,0,169.9441,0,170.5549,0,171.166,0,171.7773,0,172.3885,0,170.6358,0,168.8734,0,167.1046,0,165.3987,0,164.0665,0,162.7375,0,161.4132,0,159.2234,0,157.02,0,154.8092,0,152.5977,0,150.3921,0,148.1988,0,146.024
0,183.6743,0,182.3248,0,180.9715,0,179.6159,0,178.2596,0,176.6854,0,174.03,0,172.8362,0,172.4111,0,171.9861,0,171.561,0,171.136,0,170.7112,0,170.362,0,170.0709,0,169.6101,0,170.0597,0,170.6704,0,171.2814,0,171.8924,0,172.5034,0,173.1143,0,171.3646,0,169.6366,0,168.305,0,166.972,0,165.639,0,164.3076,0,162.979,0,160.7918,0,158.5862,0,156.3686,0,154.1456,0,151.9238,0,149.8079,0,149.0127
0,183.6743,0,182.3248,0,180.9715,0,179.6159,0,178.2596,0,176.5968,0,173.9414,0,172.9843,0,172.5593,0,172.1342,0,171.7091,0,171.2841,0,170.8591,0,170.4343,0,170.1005,0,170.1753,0,170.7858,0,171.3966,0,172.0075,0,172.6182,0,173.2288,0,173.8391,0,172.5224,0,171.1999,0,169.8728,0,168.5427,0,167.211,0,165.8791,0,164.5483,0,162.3669,0,160.1625,0,157.9414,0,155.71,0,153.6719,0,152.8561,0,152.0455
0,183.6743,0,182.3248,0,180.9715,0,179.6159,0,178.2596,0,176.5083,0,173.8527,0,173.1325,0,172.7074,0,172.2823,0,171.8572,0,171.4321,0,171.0071,0,170.5822,0,170.1376,0,170.5332,0,171.025,0,171.5169,0,172.0089,0,172.5009,0,172.9929,0,173.4846,0,173.4035,0,172.7543,0,171.4338,0,170.1086,0,168.78,0,167.4496,0,166.1187,0,163.9464,0,161.7466,0,159.5253,0,157.5826,0,156.7534,0,155.9278,0,155.1061
0,183.6743,0,182.3248,0,180.9715,0,179.6159,0,178.2596,0,176.4197,0,173.764,0,173.2807,0,172.8556,0,172.4305,0,172.0053,0,171.5802,0,171.1551,0,170.7301,0,170.1992,0,170.1787,0,170.6704,0,171.1622,0,171.6542,0,172.1462,0,172.6382,0,173.1301,0,173.049,0,172.9679,0,172.8868,0,171.6672,0,170.3438,0,169.0169,0,167.6878,0,165.528,0,163.3361,0,161.5042,0,160.6691,0,159.836,0,159.0053,0,158.1772
0,183.6743,0,182.3248,0,180.9715,0,179.6159,0,178.2596,0,176.3311,0,173.6754,0,173.4288,0,173.0038,0,172.5787,0,172.1535,0,171.7283,0,171.3031,0,170.8781,0,170.2608,0,170.2037,0,170.3159,0,170.8076,0,171.2995,0,171.7914,0,172.2834,0,172.7754,0,172.6943,0,172.6133,0,172.5322,0,172.4511,0,171.9,0,170.5785,0,169.2532,0,167.1091,0,165.4002,0,164.567,0,163.7342,0,162.9021,0,162.071,0,161.2413
0,183.6743,0,182.3248,0,180.9715,0,179.6159,0,178.2596,0,176.2425,0,173.6157,0,173.577,0,173.152,0,172.7268,0,172.3016,0,171.8764,0,171.4512,0,170.9667,0,170.3224,0,170.2653,0,170.2083,0,170.453,0,170.9448,0,171.4367,0,171.9287,0,172.4207,0,172.3396,0,172.2586,0,172.1775,0,172.0965,0,172.0155,0,171.9345,0,170.8127,0,169.2354,0,168.4116,0,167.5866,0,166.7607,0,165.9343,0,165.1076,0,164.281
0,183.6743,0,182.3248,0,180.9715,0,179.6159,0,178.2596,0,176.1538,0,173.7642,0,173.7252,0,173.3002,0,172.8751,0,172.4498,0,172.0246,0,171.5993,0,171.0283,0,170.384,0,170.327,0,170.2699,0,170.2129,0,170.5902,0,171.082,0,171.574,0,172.066,0,171.9849,0,171.9039,0,171.8229,0,171.7419,0,171.6609,0,171.5799,0,171.2962,0,170.8301,0,170.364,0,169.8977,0,169.4315,0,168.9166,0,168.0987,0,167.2798
0,183.6743,0,182.3248,0,180.9715,0,179.6159,0,178.2596,0,176.0652,0,173.9127,0,173.8734,0,173.4484,0,173.0233,0,172.598,0,172.1728,0,171.735,0,171.09,0,170.4456,0,170.3886,0,170.3315,0,170.2745,0,170.2358,0,170.7274,0,171.2193,0,171.7112,0,171.6302,0,171.5492,0,171.4682,0,171.3872,0,171.3063,0,170.924,0,170.4949,0,170.0285,0,169.5621,0,169.0958,0,168.6295,0,168.1635,0,167.6976,0,169.4979
0,183.6743,0,182.3248,0,180.9715,0,179.6159,0,178.2596,0,175.9765,0,174.0612,0,174.0216,0,173.5966,0,173.1715,0,172.7463,0,172.321,0,171.7966,0,171.1516,0,170.5072,0,170.4502,0,170.3931,0,170.3361,0,170.2791,0,170.3729,0,170.8647,0,171.3565,0,171.2755,0,171.1946,0,171.1136,0,170.9805,0,170.5517,0,170.1224,0,169.6928,0,169.2263,0,168.7598,0,168.2935,0,167.8274,0,167.3616,0,168.9473,0,171.5415
0,183.6743,0,182.3248,0,180.9715,0,179.6159,0,178.2596,0,175.8878,0,174.2097,0,174.1698,0,173.7448,0,173.3197,0,172.8945,0,172.4692,0,171.8583,0,171.2132,0,170.5688,0,170.5118,0,170.4548,0,170.3977,0,170.3407,0,170.2837,0,170.5101,0,171.0019,0,170.9209,0,170.84,0,170.6083,0,170.1793,0,169.7498,0,169.3201,0,168.8902,0,168.4237,0,167.9573,0,167.4913,0,167.0256,0,168.3967,0,170.9896,0,173.5945
0,183.6743,0,182.3248,0,180.9715,0,179.6159,0,178.2596,0,175.7991,0,174.3581,0,174.3179,0,173.8931,0,173.468,0,173.0428,0,172.5654,0,171.9199,0,171.2749,0,170.6304,0,170.5734,0,170.5164,0,170.4593,0,170.4023,0,170.3453,0,170.2883,0,170.6473,0,170.5664,0,170.2361,0,169.8068,0,169.3773,0,168.9475,0,168.5175,0,168.0874,0,167.6211,0,167.1551,0,166.6894,0,167.8463,0,170.4374,0,173.0428,0,175.6518
0,183.6743,0,182.3248,0,180.9715,0,179.6159,0,178.2596,0,175.7104,0,174.5066,0,174.4661,0,174.0413,0,173.6162,0,173.191,0,172.627,0,171.9816,0,171.3365,0,170.692,0,170.635,0,170.578,0,170.5209,0,170.4639,0,170.4069,0,170.3499,0,170.2928,0,169.8638,0,169.4344,0,169.0048,0,168.5749,0,168.1449,0,167.7148,0,167.2847,0,166.8187,0,166.3532,0,167.296,0,169.8849,0,172.4904,0,175.1017,0,177.708
0,183.6743,0,182.3248,0,180.9715,0,179.6159,0,178.2596,0,175.6217,0,174.6551,0,174.6143,0,174.1895,0,173.7645,0,173.3343,0,172.6886,0,172.0432,0,171.3981,0,170.7536,0,170.6966,0,170.6396,0,170.5826,0,170.5255,0,170.4685,0,170.5,0,170.6142,0,169.7476,0,168.8803,0,168.2024,0,167.7725,0,167.3424,0,166.9124,0,166.4824,0,166.017,0,166.746,0,169.3322,0,171.9372,0,174.5504,0,177.1609,0,179.7579
0,183.6743,0,182.3248,0,180.9715,0,179.6159,0,178.191,0,175.533,0,174.8035,0,174.7624,0,174.3377,0,173.9127,0,173.3959,0,172.7502,0,172.1048,0,171.4598,0,170.8152,0,170.7582,0,170.7012,0,170.6442,0,170.5928,0,170.7071,0,170.8213,0,170.9356,0,170.0691,0,169.2017,0,168.3339,0,167.4661,0,166.5987,0,166.1106,0,165.6809,0,166.1964,0,168.7795,0,171.3836,0,173.9981,0,176.6123,0,179.2152,0,181.7963
0,183.6743,0,182.3248,0,180.9715,0,179.6159,0,178.1026,0,175.4442,0,174.952,0,174.9106,0,174.4859,0,174.061,0,173.4575,0,172.8119,0,172.1665,0,171.5214,0,170.8768,0,170.8198,0,170.7628,0,170.8,0,170.9142,0,171.0285,0,171.1428,0,171.2571,0,170.3906,0,169.5232,0,168.6552,0,167.7871,0,166.9192,0,166.0519,0,165.519,0,167.5705,0,170.0708,0,172.5855,0,175.1052,0,177.62,0,180.1203,0,182.5969
0,183.6743,0,182.3248,0,180.9715,0,179.6159,0,178.0142,0,175.3555,0,175.1004,0,175.0587,0,174.6341,0,174.1646,0,173.519,0,172.8735,0,172.2281,0,171.583,0,170.9384,0,170.8928,0,171.0071,0,171.1214,0,171.2357,0,171.35,0,171.4643,0,171.5786,0,170.7123,0,169.8449,0,168.9768,0,168.1083,0,167.24,0,166.6587,0,167.0655,0,168.0111,0,170.0537,0,172.5682,0,175.0878,0,177.6025,0,180.1028,0,182.5795
0,183.6743,0,182.3248,0,180.9715,0,179.6159,0,177.9257,0,175.291,0,175.2488,0,175.2068,0,174.7823,0,174.2261,0,173.5806,0,172.9351,0,172.2897,0,171.6446,0,171.4864,0,171.2142,0,171.3285,0,171.4428,0,171.5572,0,171.6715,0,171.7858,0,171.9002,0,171.0341,0,170.1667,0,169.2985,0,168.4298,0,167.8004,0,168.209,0,168.6185,0,169.5697,0,170.5253,0,172.5509,0,175.0703,0,177.585,0,180.0854,0,182.5621
0,183.6743,0,182.3248,0,180.9715,0,179.6159,0,177.8372,0,175.4396,0,175.3972,0,175.3549,0,174.9305,0,174.2877,0,173.6422,0,172.9967,0,172.6742,0,172.7465,0,172.8191,0,172.1556,0,171.65,0,171.7643,0,171.8787,0,171.993,0,172.1074,0,172.2217,0,171.3559,0,170.4886,0,169.6204,0,168.9433,0,169.3532,0,169.764,0,170.1756,0,171.131,0,172.09,0,173.0521,0,175.0529,0,177.5676,0,180.0679,0,182.5448
0,183.6743,0,182.3248,0,180.9715,0,179.6159,0,177.7487,0,175.5883,0,175.5456,0,175.503,0,174.9944,0,174.3492,0,173.8617,0,173.9359,0,174.0103,0,174.085,0,174.1599,0,173.4913,0,172.8257,0,172.1633,0,172.2002,0,172.3145,0,172.4289,0,172.5432,0,171.6777,0,170.8106,0,170.0863,0,170.4973,0,170.9091,0,171.3216,0,171.7347,0,172.6929,0,173.6538,0,174.6168,0,175.5816,0,177.5501,0,180.0505,0,182.5274
0,183.6743,0,182.3248,0,180.9715,0,179.6159,0,177.6602,0,175.7369,0,175.6939,0,175.651,0,175.0558,0,175.1238,0,175.2001,0,175.2766,0,175.3534,0,175.4303,0,175.5076,0,174.8345,0,174.1642,0,173.4967,0,172.8323,0,172.636,0,172.7504,0,172.8647,0,171.9996,0,171.2286,0,171.6404,0,172.0528,0,172.4658,0,172.8793,0,173.2933,0,174.2529,0,175.2142,0,176.1769,0,177.1404,0,178.104,0,180.033,0,182.51
0,183.6743,0,182.3248,0,180.9715,0,179.6159,0,177.5716,0,175.8856,0,175.8422,0,175.8675,0,176.3874,0,176.4657,0,176.5442,0,176.6229,0,176.7019,0,176.7811,0,176.8606,0,176.1838,0,175.5094,0,174.8376,0,174.1684,0,173.5021,0,173.0718,0,173.1862,0,172.3693,0,172.7815,0,173.1942,0,173.6073,0,174.0209,0,174.4349,0,174.8492,0,175.8087,0,176.7691,0,177.73,0,178.6907,0,179.6508,0,180.6097,0,182.4927
0,183.6743,0,182.3248,0,180.9715,0,179.6159,0,177.483,0,176.0341,0,175.9905,0,176.1755,0,177.7151,0,177.8117,0,177.8924,0,177.9733,0,178.0544,0,178.1358,0,178.2174,0,177.5377,0,176.86,0,176.1844,0,175.5113,0,174.8406,0,174.1726,0,173.5075,0,173.9198,0,174.3324,0,174.7454,0,175.1587,0,175.5723,0,175.9861,0,176.4001,0,177.3581,0,178.3162,0,179.2739,0,180.2306,0,181.1675,0,181.9903,0,182.8128
0,183.6743,0,182.3248,0,180.9715,0,179.6159,0,177.3944,0,176.1827,0,176.1388,0,176.4836,0,178.0245,0,179.1606,0,179.2433,0,179.3263,0,179.4095,0,179.4929,0,179.5766,0,178.8947,0,178.2144,0,177.5359,0,176.8594,0,176.1851,0,175.5131,0,174.8717,0,175.3092,0,175.7464,0,176.1835,0,176.6202,0,177.0567,0,177.4927,0,177.9366,0,178.7001,0,179.5229,0,180.3463,0,181.1701,0,181.9938,0,182.8173,0,183.64
0,183.6743,0,182.3248,0,180.9715,0,179.6159,0,177.3058,0,176.3312,0,176.287,0,176.792,0,178.3341,0,179.8838,0,180.5954,0,180.6803,0,180.7655,0,180.8509,0,180.9366,0,180.2533,0,179.5711,0,178.8905,0,178.2114,0,177.5341,0,176.8813,0,176.2422,0,176.6802,0,177.1177,0,177.5549,0,177.9917,0,178.4279,0,178.8636,0,179.4016,0,179.6842,0,180.3481,0,181.1727,0,181.9974,0,182.8217,0,183.6453,0,184.4679
0,183.6743,0,182.3248,0,180.9715,0,179.6159,0,177.2172,0,176.4797,0,176.4352,0,177.1005,0,178.6437,0,180.1941,0,181.7495,0,182.034,0,182.1211,0,182.2084,0,182.2959,0,181.6119,0,180.9287,0,180.2466,0,179.5657,0,178.9029,0,178.2594,0,177.6175,0,178.0554,0,178.4928,0,178.9296,0,179.3658,0,179.8014,0,180.3122,0,180.8724,0,181.1554,0,181.4384,0,182.0009,0,182.8261,0,183.6506,0,184.4741,0,185.2962
0,183.6743,0,182.3248,0,180.9715,0,179.6159,0,177.1285,0,176.6282,0,176.5834,0,177.4091,0,178.9534,0,180.5045,0,182.0599,0,183.3857,0,183.4746,0,183.5637,0,183.653,0,182.9691,0,182.2856,0,181.6028,0,180.9316,0,180.2852,0,179.6399,0,178.9959,0,179.4333,0,179.87,0,180.3059,0,180.7411,0,181.2236,0,181.7849,0,182.3472,0,182.6302,0,182.9131,0,183.1959,0,183.656,0,184.4803,0,185.3033,0,186.1246
0,183.6743,0,182.3248,0,180.9715,0,179.6159,0,177.0398,0,176.7766,0,176.7315,0,177.7179,0,179.2632,0,180.8147,0,182.3702,0,183.9274,0,184.8246,0,184.9153,0,185.0064,0,184.3233,0,183.6403,0,182.9623,0,182.3147,0,181.6676,0,181.0213,0,180.376,0,180.8123,0,181.2478,0,181.6824,0,182.1353,0,182.6973,0,183.2602,0,183.8238,0,184.1065,0,184.3891,0,184.6714,0,184.9534,0,185.3105,0,186.1326,0,186.9527
0,183.6743,0,182.3248,0,180.9715,0,179.6087,0,176.9705,0,176.925,0,176.8927,0,178.0268,0,179.573,0,181.1249,0,182.6804,0,184.2371,0,185.7928,0,186.2619,0,186.3545,0,185.673,0,184.9913,0,184.3427,0,183.6955,0,183.0485,0,182.402,0,181.756,0,182.1908,0,182.6245,0,183.0573,0,183.6094,0,184.1726,0,184.7364,0,185.3005,0,185.5825,0,185.8643,0,186.1457,0,186.4269,0,186.7077,0,186.9882,0,187.7802
0,183.6743,0,182.3248,0,180.9715,0,179.5205,0,177.1191,0,177.0733,0,177.2012,0,178.3358,0,179.8827,0,181.435,0,182.9903,0,184.5465,0,186.1011,0,187.6019,0,187.6959,0,187.0168,0,186.3643,0,185.7185,0,185.0725,0,184.4264,0,183.7803,0,183.1345,0,183.5672,0,183.9987,0,184.5206,0,185.0838,0,185.6474,0,186.2113,0,186.7752,0,187.0562,0,187.3367,0,187.617,0,187.8969,0,188.1764,0,188.4555,0,188.4407
0,183.6743,0,182.3248,0,180.9715,0,179.4323,0,177.2677,0,177.2216,0,177.5099,0,178.6449,0,180.1925,0,181.745,0,183.3001,0,184.8556,0,186.4091,0,187.9584,0,189.0292,0,188.3744,0,187.7317,0,187.0882,0,186.4441,0,185.7995,0,185.1547,0,184.5097,0,184.9399,0,185.4305,0,185.9935,0,186.5566,0,187.1198,0,187.683,0,188.246,0,188.5255,0,188.8046,0,189.0833,0,189.0417,0,188.8401,0,188.6386,0,188.437
0,183.6743,0,182.3248,0,180.9715,0,179.3441,0,177.4163,0,177.3698,0,177.8188,0,178.9541,0,180.5023,0,182.0549,0,183.6097,0,185.1644,0,186.7167,0,188.2643,0,189.4364,0,189.1474,0,188.9096,0,188.4502,0,187.8087,0,187.1665,0,186.5236,0,185.8803,0,186.3386,0,186.901,0,187.4634,0,188.0258,0,188.5879,0,189.1497,0,189.711,0,189.6427,0,189.4411,0,189.2395,0,189.038,0,188.8364,0,188.6348,0,188.4333
0,183.6743,0,182.3248,0,180.9715,0,179.2558,0,177.5647,0,177.518,0,178.1277,0,179.2632,0,180.8119,0,182.3646,0,183.919,0,185.4729,0,187.0239,0,188.5697,0,189.0554,0,188.6711,0,188.4331,0,188.1952,0,187.9574,0,187.7197,0,187.482,0,187.2445,0,187.4136,0,187.5828,0,187.7522,0,187.9216,0,188.0912,0,188.261,0,188.4308,0,189.3172,0,189.4374,0,189.2358,0,189.0343,0,188.8327,0,188.6311,0,188.4296
0,183.6743,0,182.3248,0,180.9715,0,179.1675,0,177.7132,0,177.6662,0,178.4367,0,179.5725,0,181.1216,0,182.6742,0,184.2281,0,185.781,0,187.3306,0,188.684,0,188.6742,0,188.2791,0,187.9562,0,187.7182,0,187.4804,0,187.2427,0,187.005,0,186.7675,0,185.854,0,186.0229,0,186.1919,0,186.3611,0,186.5304,0,186.6998,0,186.8694,0,187.7603,0,188.6485,0,189.2321,0,189.0305,0,188.829,0,188.6274,0,188.4259
0,183.6743,0,182.3248,0,180.9715,0,179.0791,0,177.8616,0,177.8143,0,178.7458,0,179.8817,0,181.4311,0,182.9837,0,184.537,0,186.0888,0,187.6369,0,188.3026,0,188.2928,0,187.8975,0,187.5019,0,187.2408,0,187.003,0,186.7653,0,186.5277,0,186.2902,0,185.3336,0,184.4591,0,184.6276,0,184.7961,0,184.9649,0,185.1338,0,185.3029,0,186.197,0,187.0891,0,187.9789,0,188.8658,0,188.8252,0,188.6237,0,188.4221
0,183.6743,0,182.3248,0,180.9715,0,178.9908,0,178.0099,0,177.9623,0,179.055,0,180.1909,0,181.7406,0,183.2929,0,184.8455,0,186.3963,0,187.9309,0,187.9211,0,187.9113,0,187.5158,0,187.1201,0,186.7631,0,186.5253,0,186.2876,0,186.0501,0,185.8127,0,184.8554,0,183.8957,0,183.0614,0,183.2292,0,183.3971,0,183.5653,0,183.7336,0,184.6296,0,185.5243,0,186.4175,0,187.3085,0,188.197,0,188.62,0,188.4184
0,183.6743,0,182.3248,0,180.9715,0,178.9024,0,178.1582,0,178.2286,0,179.3642,0,180.5001,0,182.0499,0,183.6019,0,185.1538,0,186.7033,0,187.5493,0,187.5395,0,187.5298,0,187.1341,0,186.7382,0,186.3421,0,186.0474,0,185.8098,0,185.5724,0,185.3351,0,184.3771,0,183.4171,0,182.4556,0,181.6626,0,181.8295,0,181.9966,0,182.1639,0,183.0604,0,183.9564,0,184.8516,0,185.7454,0,186.6375,0,187.5274,0,188.4147
0,183.6743,0,182.3248,0,180.9715,0,178.8139,0,178.3064,0,178.5377,0,179.6734,0,180.8092,0,182.3591,0,183.9107,0,185.4617,0,187.01,0,187.1676,0,187.1579,0,187.1482,0,186.7524,0,186.3564,0,185.9603,0,185.5693,0,185.3318,0,185.0945,0,184.8574,0,183.8989,0,182.9387,0,181.9772,0,181.0151,0,180.2642,0,180.4301,0,180.5962,0,181.4918,0,182.3878,0,183.2836,0,184.1789,0,185.1132,0,186.2934,0,187.4698
0,183.6743,0,182.3248,0,180.9715,0,178.7255,0,178.4545,0,178.8468,0,179.9826,0,181.1183,0,182.6681,0,184.2192,0,185.7693,0,186.7957,0,186.786,0,186.7762,0,186.7665,0,186.3707,0,185.9747,0,185.5785,0,185.1822,0,184.8538,0,184.6167,0,184.3797,0,183.4209,0,182.4605,0,181.4992,0,180.5375,0,179.5759,0,178.8681,0,179.0327,0,179.9261,0,180.8207,0,181.7962,0,182.9804,0,184.1637,0,185.3451,0,186.5235
0,183.6743,0,182.3248,0,180.9715,0,178.6515,0,178.6026,0,179.156,0,180.2918,0,181.4273,0,182.977,0,184.5275,0,186.0766,0,186.414,0,186.4043,0,186.3946,0,186.3849,0,185.989,0,185.593,0,185.1968,0,184.8006,0,184.4044,0,184.1388,0,183.9021,0,182.943,0,181.9827,0,181.0217,0,180.0605,0,179.0998,0,178.1399,0,177.4757,0,178.4857,0,179.6661,0,180.8484,0,182.0316,0,183.2147,0,184.3966,0,185.5764
0,183.6743,0,182.3248,0,180.9715,0,178.7998,0,178.7507,0,179.4652,0,180.601,0,181.7362,0,183.2857,0,184.8355,0,186.042,0,186.0323,0,186.0227,0,186.013,0,186.0034,0,185.6075,0,185.2114,0,184.8154,0,184.4192,0,184.0231,0,183.6611,0,183.4246,0,182.4654,0,181.5053,0,180.5447,0,179.5842,0,178.6244,0,178.0482,0,177.5312,0,177.8114,0,178.7231,0,179.903,0,181.0845,0,182.2667,0,183.4485,0,184.629
0,183.6743,0,182.3248,0,180.9715,0,178.9481,0,178.8986,0,179.7744,0,180.9101,0,182.0449,0,183.5941,0,185.1432,0,185.6604,0,185.6508,0,185.6412,0,185.6316,0,185.6219,0,185.226,0,184.8301,0,184.4341,0,184.0381,0,183.6421,0,183.2463,0,182.9473,0,181.9882,0,181.0283,0,180.26,0,179.7424,0,179.2247,0,178.7072,0,178.1898,0,178.4702,0,178.7506,0,179.0309,0,180.1394,0,181.3201,0,182.5012,0,183.6818
0,183.6743,0,182.3248,0,180.9715,0,179.0962,0,179.0465,0,180.0836,0,181.2192,0,182.3536,0,183.9024,0,185.2885,0,185.2789,0,185.2693,0,185.2597,0,185.2502,0,185.2406,0,184.8448,0,184.4489,0,184.053,0,183.6572,0,183.2614,0,182.8658,0,182.4703,0,181.9536,0,181.4366,0,180.9192,0,180.4017,0,179.8841,0,179.3665,0,178.8489,0,179.1293,0,179.4097,0,179.6901,0,179.9704,0,180.3756,0,181.5553,0,182.7354
0,183.6743,0,182.3248,0,180.9374,0,179.2443,0,179.2569,0,180.3928,0,181.5281,0,182.662,0,184.2104,0,184.9071,0,184.8976,0,184.888,0,184.8785,0,184.869,0,184.8594,0,184.4637,0,184.0679,0,183.6722,0,183.2866,0,183.192,0,183.0974,0,183.0028,0,182.584,0,182.0951,0,181.5782,0,181.0609,0,180.5434,0,180.0258,0,179.5082,0,179.7886,0,180.069,0,180.3493,0,180.6295,0,180.9096,0,181.1897,0,181.7901
0,183.6743,0,182.3248,0,180.8495,0,179.3924,0,179.5661,0,180.702,0,181.837,0,182.9704,0,184.5181,0,184.5259,0,184.5164,0,184.5069,0,184.4974,0,184.4879,0,184.4785,0,184.1029,0,184.0084,0,183.9139,0,183.8193,0,183.7247,0,183.6302,0,183.5356,0,183.1165,0,182.6977,0,182.2366,0,181.7197,0,181.2025,0,180.6851,0,180.1676,0,180.4479,0,180.7281,0,181.0083,0,181.2884,0,181.5683,0,181.4765,0,180.5799
0,183.6743,0,182.3248,0,180.7616,0,179.5403,0,179.8754,0,181.0111,0,182.1457,0,183.2785,0,184.1544,0,184.1449,0,184.1355,0,184.126,0,184.1091,0,184.0829,0,184.0568,0,184.6357,0,184.5412,0,184.4468,0,184.3523,0,184.2578,0,184.1632,0,184.0686,0,183.6494,0,183.2303,0,182.8114,0,182.378,0,181.8613,0,181.3442,0,180.8268,0,181.107,0,181.387,0,181.667,0,181.9468,0,181.0962,0,180.1987,0,179.3
0,183.6743,0,182.3248,0,180.6736,0,179.6882,0,180.1846,0,181.3201,0,182.4543,0,183.5864,0,183.7737,0,183.7477,0,183.7215,0,183.6953,0,183.6691,0,183.6429,0,183.6167,0,184.5915,0,185.0742,0,184.9798,0,184.8854,0,184.7909,0,184.6964,0,184.6019,0,184.1825,0,183.7632,0,183.3441,0,182.9251,0,182.5064,0,182.0028,0,181.4858,0,181.7657,0,182.0455,0,181.6122,0,180.7154,0,179.8171,0,178.9178,0,178.0178
0,183.6743,0,182.3248,0,180.5856,0,179.836,0,180.4938,0,181.629,0,182.7627,0,183.5716,0,183.3338,0,183.3076,0,183.2814,0,183.2551,0,183.2289,0,183.2026,0,183.1764,0,184.1515,0,185.1263,0,185.5129,0,185.4185,0,185.3241,0,185.2297,0,185.1353,0,184.7158,0,184.2964,0,183.8771,0,183.4579,0,183.0389,0,182.6201,0,182.1443,0,182.1278,0,181.2319,0,180.3342,0,179.4351,0,178.5352,0,177.6349,0,176.7346
0,183.6743,0,182.3248,0,180.4976,0,179.9837,0,180.8029,0,181.9378,0,183.071,0,183.4278,0,182.8991,0,182.8673,0,182.841,0,182.8147,0,182.7884,0,182.7621,0,182.7358,0,183.7112,0,184.6865,0,185.6613,0,185.9516,0,185.8573,0,185.763,0,185.6686,0,185.2492,0,184.8297,0,184.4103,0,183.9909,0,183.5717,0,183.1526,0,182.5675,0,181.0389,0,179.9525,0,179.0528,0,178.1524,0,177.2518,0,176.3514,0,175.4516
0,183.6743,0,182.3248,0,180.4095,0,180.1314,0,181.112,0,182.2465,0,183.379,0,183.2839,0,182.7551,0,182.4267,0,182.4004,0,182.3741,0,182.3478,0,182.3214,0,182.2951,0,183.2706,0,184.2463,0,185.2217,0,186.1962,0,186.3904,0,186.2962,0,186.2019,0,185.7825,0,185.3631,0,184.9436,0,184.5242,0,184.0294,0,183.4119,0,182.7949,0,181.2666,0,179.7333,0,178.1972,0,176.8685,0,175.9681,0,175.0685,0,174.1702
0,183.6743,0,182.3248,0,180.3311,0,180.2855,0,181.421,0,182.555,0,183.6685,0,183.14,0,182.6111,0,182.082,0,181.9597,0,181.9334,0,181.907,0,181.8806,0,181.8542,0,182.8297,0,183.8057,0,184.7817,0,185.757,0,186.7311,0,186.8291,0,186.735,0,186.3158,0,185.8964,0,185.477,0,184.8749,0,184.257,0,183.6395,0,183.0224,0,181.4944,0,179.9611,0,178.4247,0,176.8874,0,175.3514,0,173.8188,0,172.8916
0,183.6743,0,182.3248,0,180.4788,0,180.5947,0,181.7299,0,182.8634,0,183.5246,0,182.9961,0,182.4671,0,181.938,0,181.519,0,181.4926,0,181.4662,0,181.4398,0,181.4133,0,182.3887,0,183.3649,0,184.3412,0,185.3172,0,186.2922,0,187.2658,0,187.2678,0,186.8488,0,186.3383,0,185.7204,0,185.1025,0,184.4847,0,183.8671,0,183.2499,0,181.7223,0,180.1891,0,178.6524,0,177.1145,0,175.5775,0,174.0437,0,172.0785
0,183.6743,0,182.3248,0,180.6264,0,180.9038,0,182.0386,0,183.1716,0,183.3808,0,182.8521,0,182.3231,0,181.7939,0,181.2645,0,181.0518,0,181.0253,0,180.9989,0,180.9724,0,181.9476,0,182.9238,0,183.9004,0,184.8769,0,185.8528,0,186.8274,0,187.8002,0,187.1831,0,186.5656,0,185.9479,0,185.33,0,184.7122,0,184.0947,0,183.4774,0,181.9502,0,180.4171,0,178.8802,0,177.3417,0,175.7279,0,173.6466,0,171.5738
0,183.6743,0,182.3248,0,180.774,0,181.2129,0,182.3473,0,183.4796,0,183.2369,0,182.7081,0,182.179,0,181.6498,0,181.1204,0,180.611,0,180.5845,0,180.558,0,180.5315,0,181.5064,0,182.4825,0,183.4593,0,184.4362,0,185.4128,0,186.1695,0,185.5492,0,186.2215,0,186.7928,0,186.1752,0,185.5575,0,184.9398,0,184.3222,0,183.7049,0,182.1782,0,180.6452,0,179.1082,0,177.3089,0,175.2226,0,173.1408,0,171.069
0,183.6743,0,182.3248,0,180.9215,0,181.5218,0,182.6557,0,183.6215,0,183.093,0,182.5641,0,182.035,0,181.5057,0,180.9763,0,180.4468,0,180.1438,0,180.1173,0,180.0907,0,181.0651,0,182.041,0,183.0179,0,183.9952,0,184.5317,0,183.9031,0,183.2691,0,183.9527,0,184.6322,0,185.3073,0,185.7849,0,185.1673,0,184.5497,0,183.9324,0,182.4062,0,180.8735,0,178.8925,0,176.8044,0,174.7166,0,172.6347,0,170.5641
0,183.6743,0,182.3248,0,181.0689,0,181.8307,0,182.9641,0,183.4777,0,182.9491,0,182.4201,0,181.8909,0,181.3616,0,180.8321,0,180.3027,0,179.7734,0,179.6766,0,179.6501,0,180.6239,0,181.5995,0,182.5763,0,182.8897,0,182.2537,0,181.6127,0,180.9666,0,181.6597,0,182.3491,0,183.0347,0,183.7164,0,184.394,0,184.7772,0,184.1598,0,182.5535,0,180.4761,0,178.3894,0,176.2988,0,174.2099,0,172.1282,0,170.0591
0,183.6743,0,182.3248,0,181.2161,0,182.1394,0,183.2722,0,183.3338,0,182.8051,0,182.2761,0,181.7468,0,181.2174,0,180.688,0,180.1586,0,179.6294,0,179.2362,0,179.2096,0,180.1828,0,181.1579,0,181.2461,0,180.6038,0,179.9568,0,179.3052,0,178.6491,0,179.3494,0,180.0467,0,180.7408,0,181.4316,0,182.1188,0,182.8023,0,183.6333,0,181.9442,0,179.9754,0,177.8851,0,175.7924,0,173.7026,0,171.6215,0,169.5543
0,183.6743,0,182.3248,0,181.3633,0,182.448,0,183.5801,0,183.1899,0,182.6611,0,182.132,0,181.6027,0,181.0733,0,180.5439,0,180.0145,0,179.4854,0,178.9564,0,178.7694,0,179.7418,0,179.6035,0,178.956,0,178.3041,0,177.648,0,176.9879,0,176.3239,0,177.0292,0,177.7322,0,178.4326,0,179.1303,0,179.8252,0,180.7087,0,181.778,0,180.0787,0,178.373,0,176.664,0,174.9546,0,173.1949,0,171.1146,0,169.0496
0,183.6743,0,182.2641,0,181.6227,0,182.7564,0,183.5745,0,183.046,0,182.5171,0,181.9879,0,181.4586,0,180.9292,0,180.3998,0,179.8705,0,179.3413,0,178.8125,0,178.3295,0,177.9647,0,177.313,0,176.6574,0,175.998,0,175.335,0,174.6685,0,173.9987,0,174.7067,0,175.413,0,176.1176,0,176.82,0,177.7522,0,178.8348,0,179.912,0,178.206,0,176.497,0,174.7879,0,173.0819,0,171.3819,0,169.6908,0,168.7586
0,183.6743,0,182.1766,0,181.9315,0,183.0647,0,183.4307,0,182.902,0,182.3731,0,181.8439,0,181.3145,0,180.7851,0,180.2557,0,179.7264,0,179.1973,0,178.6686,0,178.2745,0,176.3607,0,175.0193,0,174.3578,0,173.693,0,173.0252,0,172.3545,0,171.6812,0,172.3895,0,173.0969,0,173.8032,0,174.7794,0,175.8695,0,176.9563,0,178.039,0,176.33,0,174.6213,0,172.9159,0,171.2168,0,169.5269,0,168.8044,0,168.7879
0,183.6743,0,182.0891,0,182.2402,0,183.3728,0,183.2868,0,182.7581,0,182.229,0,181.6998,0,181.1704,0,180.6409,0,180.1116,0,179.5824,0,179.0534,0,178.2166,0,178.2894,0,176.3756,0,174.4511,0,172.5202,0,171.3965,0,170.7261,0,170.0534,0,169.3788,0,170.0851,0,170.7913,0,171.8062,0,172.8979,0,173.9885,0,175.0772,0,176.1631,0,174.4548,0,172.75,0,171.0519,0,169.3633,0,168.8503,0,168.8338,0,168.8172
0,183.6743,0,182.0063,0,182.5487,0,183.6714,0,183.1429,0,182.6141,0,182.085,0,181.5557,0,181.0263,0,180.4968,0,179.9675,0,179.4383,0,178.5972,0,178.1631,0,178.3042,0,176.3906,0,174.4661,0,172.5351,0,170.6019,0,168.671,0,167.7725,0,167.0986,0,167.8008,0,168.8484,0,169.936,0,171.0246,0,172.1133,0,173.2015,0,174.2883,0,172.5843,0,170.8871,0,169.1997,0,168.8962,0,168.8796,0,168.8631,0,168.8465
0,183.6743,0,182.1532,0,182.8571,0,183.5276,0,182.999,0,182.4701,0,181.9409,0,181.4116,0,180.8821,0,180.3527,0,179.8234,0,178.978,0,178.0938,0,178.178,0,178.3191,0,176.4055,0,174.481,0,172.55,0,170.6167,0,168.6857,0,166.7612,0,164.8476,0,165.9216,0,166.9993,0,168.0802,0,169.1633,0,170.2479,0,171.3332,0,172.4186,0,170.7224,0,169.0364,0,168.942,0,168.9255,0,168.9089,0,168.8924,0,168.8759
0,183.6743,0,182.3,0,183.1653,0,183.3837,0,182.855,0,182.326,0,181.7968,0,181.2674,0,180.738,0,180.2086,0,179.359,0,178.4744,0,178.0517,0,178.1929,0,178.334,0,176.4204,0,174.4959,0,172.5649,0,170.6316,0,168.7004,0,166.7759,0,165.2351,0,165.7339,0,166.2329,0,166.732,0,167.3177,0,168.396,0,169.4763,0,170.5579,0,169.0044,0,168.9879,0,168.9713,0,168.9548,0,168.9383,0,168.9217,0,168.9052
0,183.6743,0,182.4467,0,183.4733,0,183.2398,0,182.7111,0,182.182,0,181.6527,0,181.1233,0,180.5939,0,179.7402,0,178.8552,0,177.9711,0,178.0666,0,178.2077,0,178.3488,0,176.4353,0,174.5108,0,172.5798,0,170.6464,0,168.7152,0,167.0044,0,165.6228,0,166.1218,0,166.6208,0,167.1199,0,167.619,0,168.118,0,168.6168,0,169.0083,0,169.0241,0,169.0172,0,169.0007,0,168.9841,0,168.9676,0,168.951,0,168.9345
0,183.6743,0,182.6495,0,183.6244,0,183.0959,0,182.5671,0,182.0379,0,181.5086,0,180.9792,0,180.1214,0,179.2362,0,178.3516,0,177.9404,0,178.0815,0,178.2226,0,178.3637,0,176.4502,0,174.5258,0,172.5947,0,170.6613,0,168.7835,0,167.3934,0,166.0106,0,166.5096,0,167.0087,0,167.5078,0,168.0068,0,168.5057,0,168.9966,0,168.8068,0,168.8226,0,168.8385,0,168.8543,0,168.8702,0,168.886,0,168.9018,0,168.6578
0,183.6743,0,182.9578,0,183.4806,0,182.952,0,182.423,0,181.8938,0,181.3645,0,180.5028,0,179.6173,0,178.7324,0,177.8483,0,177.9553,0,178.0964,0,178.2375,0,178.3786,0,176.4651,0,174.5407,0,172.6096,0,170.6761,0,169.1731,0,167.7824,0,166.3985,0,166.8976,0,167.3966,0,167.8957,0,168.3945,0,168.8932,0,168.7951,0,168.6053,0,168.6211,0,168.637,0,168.6528,0,168.6687,0,168.6845,0,168.4775,0,167.1529
0,183.6743,0,183.2659,0,183.3367,0,182.808,0,182.279,0,181.7498,0,180.8841,0,179.9986,0,179.1134,0,178.2288,0,177.829,0,177.9701,0,178.1112,0,178.2524,0,178.3935,0,176.4801,0,174.5556,0,172.6245,0,170.9584,0,169.5624,0,168.1712,0,166.7864,0,167.2855,0,167.7845,0,168.2834,0,168.7821,0,168.7835,0,168.5936,0,168.4038,0,168.4196,0,168.4355,0,168.4513,0,168.4671,0,168.2972,0,166.9724,0,165.643
0,183.6743,0,183.5738,0,183.1928,0,182.664,0,182.1349,0,181.2655,0,180.38,0,179.4945,0,178.6096,0,177.7255,0,177.8439,0,177.985,0,178.1261,0,178.2672,0,178.4083,0,176.495,0,174.5706,0,172.746,0,171.3475,0,169.9515,0,168.5599,0,167.1743,0,167.6733,0,168.1722,0,168.671,0,168.7718,0,168.582,0,168.3921,0,168.2023,0,168.2181,0,168.2339,0,168.2498,0,168.117,0,166.7919,0,165.4625,0,164.1301
0,183.6743,0,183.5775,0,183.0489,0,182.52,0,181.6469,0,180.7614,0,179.8758,0,178.9905,0,178.106,0,177.7177,0,177.8588,0,177.9999,0,178.141,0,178.2821,0,178.4232,0,176.5099,0,174.5855,0,173.134,0,171.736,0,170.3404,0,168.9485,0,167.5621,0,168.0611,0,168.5599,0,168.7602,0,168.5703,0,168.3805,0,168.1906,0,168.0007,0,168.0166,0,168.0324,0,167.9367,0,166.6115,0,165.282,0,163.9499,0,162.6164
0,183.6743,0,183.4336,0,182.905,0,182.0282,0,181.1428,0,180.2572,0,179.3717,0,178.4867,0,177.6028,0,177.7325,0,177.8736,0,178.0148,0,178.1559,0,178.297,0,178.4381,0,176.5248,0,174.9185,0,173.5213,0,172.1242,0,170.7288,0,169.3369,0,167.9499,0,168.4488,0,168.7485,0,168.5587,0,168.3688,0,168.179,0,167.9891,0,167.7992,0,167.8151,0,167.7565,0,166.4311,0,165.1017,0,163.7698,0,162.4367,0,161.104
0,183.6743,0,183.2898,0,182.4094,0,181.5242,0,180.6386,0,179.7529,0,178.8677,0,177.9832,0,177.6063,0,177.7474,0,177.8885,0,178.0296,0,178.1707,0,178.3119,0,178.453,0,176.6976,0,175.3038,0,173.908,0,172.5118,0,171.117,0,169.725,0,168.3376,0,168.7368,0,168.547,0,168.3571,0,168.1673,0,167.9774,0,167.7876,0,167.5977,0,167.5764,0,166.2508,0,164.9214,0,163.5897,0,162.2571,0,160.925,0,159.5949
