First line is descriptive text that is ignored by the preparation tool,,,,,,,,,,,,,,,,,,,,,,,,,,,,,,,,,,,,,,,,,,,,,,,,,,,,,,,,,,,,,,,,,,,,,,,
FirstTheta,0,,,,,,,,,,,,,,,,,,,,,,,,,,,,,,,,,,,,,,,,,,,,,,,,,,,,,,,,,,,,,,,,,,,,,,
DeltaTheta,2,,,,,,,,,,,,,,,,,,,,,,,,,,,,,,,,,,,,,,,,,,,,,,,,,,,,,,,,,,,,,,,,,,,,,,
NumTheta,36,,,,,,,,,,,,,,,,,,,,,,,,,,,,,,,,,,,,,,,,,,,,,,,,,,,,,,,,,,,,,,,,,,,,,,
FirstPhi,0,,,,,,,,,,,,,,,,,,,,,,,,,,,,,,,,,,,,,,,,,,,,,,,,,,,,,,,,,,,,,,,,,,,,,,
DeltaPhi,2,,,,,,,,,,,,,,,,,,,,,,,,,,,,,,,,,,,,,,,,,,,,,,,,,,,,,,,,,,,,,,,,,,,,,,
NumPhi,180,,,,,,,,,,,,,,,,,,,,,,,,,,,,,,,,,,,,,,,,,,,,,,,,,,,,,,,,,,,,,,,,,,,,,,
Frequency,18700,,,,,,,,,,,,,,,,,,,,,,,,,,,,,,,,,,,,,,,,,,,,,,,,,,,,,,,,,,,,,,,,,,,,,,
Polarisation,LHCP,,,,,,,,,,,,,,,,,,,,,,,,,,,,,,,,,,,,,,,,,,,,,,,,,,,,,,,,,,,,,,,,,,,,,,
Beam,2,,,,,,,,,,,,,,,,,,,,,,,,,,,,,,,,,,,,,,,,,,,,,,,,,,,,,,,,,,,,,,,,,,,,,,
Temperature,21,,,,,,,,,,,,,,,,,,,,,,,,,,,,,,,,,,,,,,,,,,,,,,,,,,,,,,,,,,,,,,,,,,,,,,
TriLensQR,440-0375-00207,,,,,,,,,,,,,,,,,,,,,,,,,,,,,,,,,,,,,,,,,,,,,,,,,,,,,,,,,,,,,,,,,,,,,,
LensNumber,3,,,,,,,,,,,,,,,,,,,,,,,,,,,,,,,,,,,,,,,,,,,,,,,,,,,,,,,,,,,,,,,,,,,,,,
RawAttenPhase,FALSE,,,,,,,,,,,,,,,,,,,,,,,,,,,,,,,,,,,,,,,,,,,,,,,,,,,,,,,,,,,,,,,,,,,,,,
0,51.6554,0,51.2892,0,50.923,0,50.5567,0,50.1904,0,49.8241,0,49.4579,0,49.0917,0,52.0307,0,55.0098,0,58.0134,0,61.0254,0,64.0291,0,67.0082,0,69.9471,0,70.3523,0,70.7576,0,71.1629,0,71.5683,0,71.9736,0,72.3789,0,72.7841,0,71.9905,0,71.1962,0,70.4014,0,69.6065,0,68.8118,0,68.0174,0,67.2239,0,66.9977,0,66.7716,0,66.5454,0,66.3192,0,66.093,0,65.8668,0,65.6407
0,51.6554,0,52.4668,0,52.1206,0,51.7539,0,51.3871,0,51.0202,0,50.6533,0,50.2864,0,51.5548,0,54.5253,0,57.5229,0,60.5315,0,63.5345,0,66.5155,0,69.4591,0,69.5906,0,69.9959,0,70.4013,0,70.8068,0,71.2124,0,71.618,0,72.0235,0,72.6952,0,71.9015,0,71.1071,0,70.3123,0,69.5174,0,68.7226,0,67.9284,0,67.8683,0,67.6421,0,67.4159,0,67.1896,0,66.9633,0,66.737,0,66.5106
0,51.6554,0,51.8175,0,53.2802,0,52.9542,0,52.5872,0,52.2201,0,51.8528,0,51.4853,0,51.1178,0,54.0426,0,57.0337,0,60.0384,0,63.0402,0,66.0229,0,68.9706,0,68.985,0,69.2339,0,69.6392,0,70.0447,0,70.4504,0,70.8561,0,71.2619,0,72.182,0,72.6063,0,71.8125,0,71.018,0,70.2232,0,69.4282,0,68.6335,0,68.5781,0,68.5132,0,68.287,0,68.0607,0,67.8344,0,67.6081,0,67.3817
0,51.6554,0,51.1685,0,52.6302,0,54.0953,0,53.7896,0,53.4225,0,53.0552,0,52.6876,0,52.3199,0,53.5616,0,56.5458,0,59.5463,0,62.5465,0,65.5303,0,68.4817,0,68.4963,0,68.5108,0,68.8769,0,69.2822,0,69.6878,0,70.0936,0,70.4995,0,71.4206,0,72.3405,0,72.5174,0,71.7235,0,70.9289,0,70.134,0,69.339,0,69.2835,0,69.2281,0,69.1584,0,68.9322,0,68.706,0,68.4797,0,68.2534
0,51.6554,0,50.7148,0,51.9801,0,53.4447,0,54.9118,0,54.6266,0,54.2596,0,53.8922,0,53.5245,0,53.1566,0,56.0595,0,59.0552,0,62.0535,0,65.0379,0,67.9926,0,68.0073,0,68.0219,0,68.1145,0,68.5197,0,68.9251,0,69.3307,0,69.7365,0,70.6583,0,71.5793,0,72.4989,0,72.4284,0,71.6344,0,70.8398,0,70.0448,0,69.9892,0,69.9337,0,69.8781,0,69.8036,0,69.5776,0,69.3515,0,69.1253
0,51.6554,0,50.6631,0,51.3302,0,52.7939,0,54.2609,0,55.7293,0,55.4648,0,55.0979,0,54.7306,0,54.363,0,55.5746,0,58.5652,0,61.561,0,64.5457,0,67.5033,0,67.518,0,67.5328,0,67.5475,0,67.7572,0,68.1623,0,68.5676,0,68.9733,0,69.8954,0,70.8171,0,71.7379,0,72.6573,0,72.3395,0,71.5453,0,70.7507,0,70.695,0,70.6393,0,70.5837,0,70.5281,0,70.4488,0,70.223,0,69.997
0,51.6554,0,50.6115,0,50.6807,0,52.1431,0,53.6096,0,55.0784,0,56.5475,0,56.3038,0,55.9373,0,55.5703,0,55.2028,0,58.0764,0,61.0693,0,64.0538,0,67.0138,0,67.0287,0,67.0435,0,67.0583,0,67.0731,0,67.3998,0,67.8047,0,68.2101,0,69.1322,0,70.0543,0,70.9759,0,71.8965,0,72.8157,0,72.2505,0,71.4563,0,71.4006,0,71.3449,0,71.2892,0,71.2335,0,71.1778,0,71.0938,0,70.8682
0,51.6554,0,50.5598,0,50.0317,0,51.4924,0,52.9581,0,54.4269,0,55.8969,0,57.3661,0,57.1432,0,56.7772,0,56.4107,0,57.5889,0,60.5785,0,63.5623,0,66.5243,0,66.5392,0,66.5542,0,66.5691,0,66.584,0,66.6379,0,67.0423,0,67.4471,0,68.3689,0,69.2911,0,70.2131,0,71.1346,0,72.0551,0,72.955,0,72.1615,0,72.1057,0,72.05,0,71.9943,0,71.9385,0,71.8828,0,71.8271,0,71.7384
0,51.6554,0,50.5292,0,49.7729,0,50.8419,0,52.3064,0,53.7749,0,55.2454,0,56.716,0,58.1848,0,57.9828,0,57.6174,0,57.2515,0,60.0885,0,63.0712,0,66.0348,0,66.0498,0,66.0649,0,66.0799,0,66.0949,0,66.1099,0,66.2805,0,66.6847,0,67.6058,0,68.5277,0,69.4499,0,70.372,0,71.2933,0,72.2136,0,72.8661,0,72.8103,0,72.8825,0,73.0088,0,73.1352,0,73.2617,0,73.3884,0,73.5152
0,51.6554,0,50.5098,0,49.7211,0,50.192,0,51.6549,0,53.1226,0,54.5932,0,56.0648,0,57.5354,0,59.0031,0,58.8221,0,58.4575,0,59.5994,0,62.5806,0,65.5453,0,65.5605,0,65.5756,0,65.5907,0,65.6058,0,65.6209,0,65.6361,0,65.9231,0,66.8432,0,67.7646,0,68.6866,0,69.6196,0,70.6131,0,71.6055,0,72.5963,0,74.7638,0,74.8914,0,75.0191,0,75.1469,0,75.2749,0,75.4029,0,75.5311
0,51.6554,0,50.4903,0,49.6694,0,49.5427,0,51.0036,0,52.4702,0,53.9405,0,55.4127,0,56.8848,0,58.3548,0,59.8208,0,59.6608,0,59.2972,0,62.0906,0,65.056,0,65.0713,0,65.0865,0,65.1017,0,65.1169,0,65.1321,0,65.1473,0,65.1625,0,66.1532,0,67.1454,0,68.1387,0,69.1323,0,70.1258,0,71.1186,0,72.1099,0,74.452,0,76.8065,0,77.0396,0,77.1686,0,77.2977,0,77.4268,0,77.5561
0,51.6554,0,50.4709,0,49.6176,0,48.8942,0,50.3528,0,51.8178,0,53.2875,0,54.7599,0,56.233,0,57.705,0,59.1738,0,60.6375,0,60.4985,0,61.6013,0,64.567,0,64.5823,0,64.5976,0,64.6129,0,64.6282,0,64.6435,0,64.772,0,64.9252,0,65.6909,0,66.6596,0,67.6522,0,68.6454,0,69.6387,0,70.6316,0,71.6234,0,73.9644,0,76.3194,0,78.6806,0,79.1953,0,79.3252,0,79.4551,0,79.5851
0,51.6554,0,50.4705,0,49.5658,0,48.8302,0,49.7025,0,51.1657,0,52.6344,0,54.1066,0,55.5804,0,57.0539,0,58.5251,0,59.9921,0,61.453,0,61.3349,0,64.0782,0,64.0936,0,64.109,0,64.1244,0,64.228,0,64.3813,0,64.5346,0,64.6879,0,65.4536,0,66.2195,0,67.1661,0,68.1588,0,69.1518,0,70.1447,0,71.1367,0,73.4764,0,75.8316,0,78.1946,0,80.5574,0,81.3523,0,81.4827,0,81.6132
0,51.6554,0,50.4705,0,49.5141,0,48.7784,0,49.053,0,50.5139,0,51.9812,0,53.4528,0,54.927,0,56.4016,0,57.8749,0,59.3447,0,60.8093,0,62.2668,0,63.5897,0,63.6052,0,63.6841,0,63.8374,0,63.9907,0,64.144,0,64.2973,0,64.4506,0,65.2162,0,65.9822,0,66.7483,0,67.6726,0,68.6652,0,69.6579,0,70.6501,0,72.988,0,75.3431,0,77.7077,0,80.0737,0,82.433,0,83.5045,0,83.6351
0,51.6554,0,50.4705,0,49.4623,0,48.7265,0,48.4044,0,49.8627,0,51.3282,0,52.7989,0,54.273,0,55.7484,0,57.2233,0,58.6957,0,60.1636,0,61.6253,0,63.1086,0,63.2935,0,63.4468,0,63.6001,0,63.7534,0,63.9066,0,64.0599,0,64.2132,0,64.9788,0,65.7449,0,66.5111,0,67.2772,0,68.1788,0,69.1712,0,70.1634,0,72.4993,0,74.854,0,77.2197,0,79.5886,0,81.9525,0,84.3033,0,85.646
0,51.6554,0,50.4705,0,49.4204,0,48.6747,0,47.9391,0,49.2122,0,50.6755,0,52.1449,0,53.6185,0,55.0944,0,56.5706,0,58.0451,0,59.516,0,60.9814,0,62.6649,0,62.9996,0,63.2095,0,63.3627,0,63.516,0,63.6693,0,63.8226,0,63.9759,0,64.7414,0,65.5075,0,66.2738,0,67.0401,0,67.8061,0,68.6849,0,69.677,0,72.0103,0,74.3642,0,76.7309,0,79.1023,0,81.3349,0,82.7247,0,84.114
0,51.6554,0,50.4705,0,49.4009,0,48.6228,0,47.8872,0,48.5626,0,50.0234,0,51.4911,0,52.9638,0,54.4397,0,55.9168,0,57.3931,0,58.8666,0,60.4271,0,62.2209,0,62.5559,0,62.8906,0,63.1254,0,63.2787,0,63.432,0,63.5852,0,63.7385,0,64.504,0,65.27,0,66.0364,0,66.8028,0,67.5691,0,68.3348,0,69.1907,0,71.5213,0,73.179,0,74.5557,0,75.9416,0,77.3351,0,78.7346,0,80.1385
0,51.6554,0,50.4705,0,49.3814,0,48.571,0,47.8354,0,47.9141,0,49.3719,0,50.8376,0,52.3091,0,53.7846,0,55.2622,0,56.7398,0,58.2156,0,59.9803,0,61.7767,0,62.1118,0,62.4468,0,62.7816,0,63.0414,0,63.1946,0,63.3479,0,63.5012,0,64.2665,0,65.0325,0,65.7989,0,66.5655,0,67.332,0,67.9765,0,68.2023,0,67.823,0,69.1667,0,70.5254,0,71.8977,0,73.2824,0,74.6778,0,76.0825
0,51.6554,0,50.4705,0,49.3619,0,48.5191,0,47.7835,0,47.2668,0,48.7213,0,50.1845,0,51.6544,0,53.1292,0,54.6069,0,56.0855,0,57.7191,0,59.5335,0,61.3323,0,61.6676,0,62.0028,0,62.3378,0,62.6726,0,62.9573,0,63.1106,0,63.2638,0,64.029,0,64.795,0,65.5614,0,66.2469,0,66.4722,0,66.6978,0,66.9235,0,66.2411,0,65.5577,0,66.5095,0,67.8548,0,69.2166,0,70.5938,0,71.9849
0,51.6554,0,50.4705,0,49.3424,0,48.4673,0,47.7316,0,46.9965,0,48.0717,0,49.5321,0,51,0,52.4736,0,53.9511,0,55.4443,0,57.2712,0,59.0868,0,60.8877,0,61.2231,0,61.5585,0,61.8937,0,62.2287,0,62.5636,0,62.8733,0,63.0265,0,63.7915,0,64.5168,0,64.7413,0,64.966,0,65.1909,0,65.4161,0,65.6415,0,64.9576,0,64.2731,0,63.588,0,63.8525,0,65.1785,0,66.5239,0,67.8874
0,51.6554,0,50.4705,0,49.3229,0,48.4154,0,47.6797,0,46.9446,0,47.4233,0,48.8804,0,50.346,0,51.8181,0,53.2949,0,54.9966,0,56.8236,0,58.6402,0,60.443,0,60.7785,0,61.114,0,61.4493,0,61.7846,0,62.1196,0,62.4545,0,62.7893,0,63.0125,0,63.236,0,63.4598,0,63.6839,0,63.9082,0,64.1328,0,64.3576,0,63.673,0,62.988,0,62.3029,0,61.6179,0,61.2072,0,62.5084,0,63.8313
0,51.6554,0,50.4705,0,49.3034,0,48.3635,0,47.6278,0,46.8927,0,46.7762,0,48.2298,0,49.6926,0,51.1628,0,52.7169,0,54.5496,0,56.3764,0,58.1938,0,59.9983,0,60.3339,0,60.6694,0,61.0049,0,61.3402,0,61.6755,0,62.0106,0,62.2722,0,62.0003,0,61.9558,0,62.1787,0,62.4019,0,62.6254,0,62.8491,0,63.0732,0,62.3884,0,61.7037,0,61.0192,0,60.3352,0,59.6518,0,58.9692,0,59.8558
0,51.6554,0,50.4705,0,49.2839,0,48.3116,0,47.5759,0,46.8407,0,46.1307,0,47.5803,0,49.04,0,50.508,0,52.2718,0,54.1032,0,55.9297,0,57.7477,0,59.5536,0,59.8892,0,60.2247,0,60.5603,0,60.8957,0,61.2311,0,61.5003,0,61.7548,0,61.4828,0,61.2107,0,60.9387,0,61.1213,0,61.3437,0,61.5664,0,61.7895,0,61.1053,0,60.4215,0,59.7383,0,59.056,0,58.3746,0,57.6944,0,56.6289
0,51.6554,0,50.4705,0,49.2831,0,48.2908,0,47.524,0,46.7888,0,46.0545,0,46.9321,0,48.3883,0,49.9975,0,51.8276,0,53.6575,0,55.4835,0,57.3018,0,59.1089,0,59.4445,0,59.7801,0,60.1156,0,60.4511,0,60.7277,0,60.9825,0,61.2372,0,60.9651,0,60.693,0,60.421,0,60.1489,0,60.0644,0,60.2859,0,60.5077,0,59.8248,0,59.1426,0,58.4615,0,57.6494,0,56.5628,0,55.4719,0,54.3773
0,51.6554,0,50.4705,0,49.2831,0,48.2712,0,47.4721,0,46.7369,0,46.0026,0,46.2854,0,47.7378,0,49.5569,0,51.3844,0,53.2126,0,55.0378,0,56.8563,0,58.6644,0,58.9999,0,59.3354,0,59.671,0,59.9549,0,60.2098,0,60.4646,0,60.7194,0,60.4473,0,60.1752,0,59.9032,0,59.6312,0,59.3593,0,59.0876,0,59.2292,0,58.5483,0,57.5843,0,56.4966,0,55.4045,0,54.3089,0,53.2106,0,52.1102
0,51.6554,0,50.4705,0,49.2831,0,48.2517,0,47.4201,0,46.685,0,45.9507,0,45.6403,0,47.2981,0,49.1175,0,50.9422,0,52.7685,0,54.5927,0,56.4111,0,58.2201,0,58.5554,0,58.8909,0,59.182,0,59.4369,0,59.6918,0,59.9466,0,60.2015,0,59.9294,0,59.6574,0,59.3855,0,59.1136,0,58.8419,0,58.5702,0,57.5565,0,56.4302,0,55.3371,0,54.2404,0,53.141,0,52.0397,0,50.9372,0,49.8344
0,51.6554,0,50.4705,0,49.2831,0,48.2321,0,47.3682,0,46.6331,0,45.8988,0,45.1657,0,46.861,0,48.6795,0,50.5012,0,52.3254,0,54.1483,0,55.9664,0,57.776,0,58.1112,0,58.4094,0,58.6642,0,58.9191,0,59.1739,0,59.4287,0,59.6836,0,59.4116,0,59.1397,0,58.8679,0,58.5962,0,58.3246,0,56.9482,0,55.3909,0,54.2428,0,53.0915,0,51.9691,0,50.8657,0,49.762,0,48.659,0,47.5572
0,51.6554,0,50.4705,0,49.2831,0,48.2126,0,47.3163,0,46.5811,0,45.8469,0,45.1139,0,45.4978,0,47.5727,0,49.6552,0,51.7398,0,53.7047,0,55.5222,0,57.3321,0,57.6374,0,57.892,0,58.1467,0,58.4014,0,58.6562,0,58.9109,0,59.1657,0,58.8939,0,58.6221,0,58.3505,0,57.8883,0,56.3387,0,54.7781,0,53.2087,0,52.0547,0,50.8993,0,49.7433,0,48.5876,0,47.4832,0,46.383,0,45.2858
0,51.6554,0,50.4705,0,49.2831,0,48.193,0,47.2643,0,46.5292,0,45.795,0,45.062,0,44.1697,0,46.2064,0,48.2871,0,50.3734,0,52.46,0,54.5412,0,56.6117,0,57.1205,0,57.3749,0,57.6295,0,57.884,0,58.1387,0,58.3934,0,58.6481,0,58.3764,0,58.1048,0,57.2815,0,55.7281,0,54.1645,0,52.593,0,51.0159,0,49.8595,0,48.7033,0,47.5484,0,46.3955,0,45.2458,0,44.1164,0,43.0272
0,51.6554,0,50.4705,0,49.2831,0,48.1735,0,47.2124,0,46.4772,0,45.7431,0,45.0101,0,44.1178,0,44.8417,0,46.9181,0,49.0038,0,51.0934,0,53.1812,0,55.2618,0,55.7922,0,56.3214,0,56.8494,0,57.3671,0,57.6216,0,57.8761,0,58.1307,0,57.8592,0,56.6734,0,55.1165,0,53.5503,0,51.9771,0,50.3992,0,48.8191,0,47.6635,0,46.51,0,45.3595,0,44.2128,0,43.071,0,41.9348,0,41.0434
0,51.6554,0,50.4705,0,49.2831,0,48.1539,0,47.1803,0,46.4253,0,45.6911,0,44.9582,0,44.0659,0,43.48,0,45.5498,0,47.6325,0,49.7227,0,51.8148,0,53.9033,0,54.4366,0,54.9689,0,55.5002,0,56.0305,0,56.5595,0,57.0873,0,57.6137,0,56.0641,0,54.504,0,52.9355,0,51.361,0,49.7827,0,48.2031,0,46.6246,0,45.4733,0,44.3258,0,43.183,0,42.0458,0,41.0078,0,40.5486,0,40.0889
0,51.6554,0,50.4705,0,49.2831,0,48.1344,0,47.1607,0,46.3734,0,45.6392,0,44.9063,0,44.014,0,43.1202,0,44.1839,0,46.2612,0,48.3496,0,50.4436,0,52.5376,0,53.0732,0,53.6081,0,54.1421,0,54.6753,0,55.2076,0,55.7388,0,56.3781,0,54.4593,0,52.5273,0,50.7449,0,49.1666,0,47.5879,0,46.0112,0,44.4389,0,43.2951,0,42.1569,0,41.025,0,40.5131,0,40.0534,0,39.5934,0,39.1331
0,51.6554,0,50.4705,0,49.2831,0,48.1148,0,47.1411,0,46.3214,0,45.5873,0,44.8544,0,43.962,0,43.0683,0,42.8217,0,44.8913,0,46.9756,0,49.0691,0,51.1662,0,51.7035,0,52.2403,0,52.7766,0,53.3122,0,53.847,0,54.4209,0,55.1378,0,53.2121,0,51.2758,0,49.3333,0,47.3892,0,45.4479,0,43.8298,0,42.2682,0,41.1352,0,40.4776,0,40.018,0,39.558,0,39.0977,0,38.6372,0,38.1765
0,51.6554,0,50.4705,0,49.2831,0,48.0953,0,47.1216,0,46.2695,0,45.5354,0,44.8026,0,43.9101,0,43.0163,0,42.1217,0,43.5245,0,45.6022,0,47.6928,0,49.7907,0,50.3291,0,50.8672,0,51.405,0,51.9424,0,52.4794,0,53.1719,0,53.8941,0,51.9631,0,50.0244,0,48.0824,0,46.1417,0,44.2065,0,42.2813,0,40.5725,0,39.9825,0,39.5226,0,39.0624,0,38.6019,0,38.1413,0,37.6806,0,37.2198
0,51.6554,0,50.4705,0,49.2831,0,48.0941,0,47.102,0,46.2175,0,45.4834,0,44.7507,0,43.8582,0,42.9644,0,42.0698,0,42.1623,0,44.2312,0,46.3164,0,48.4126,0,48.9514,0,49.4903,0,50.0291,0,50.5677,0,51.1898,0,51.9211,0,52.6479,0,50.7136,0,48.7743,0,46.8347,0,44.8991,0,42.9719,0,41.2314,0,40.0964,0,39.4128,0,38.7285,0,38.1061,0,37.6454,0,37.1847,0,36.724,0,36.2634
0,51.6554,0,50.4705,0,49.2831,0,48.0941,0,47.0824,0,46.1655,0,45.4315,0,44.6988,0,43.8062,0,42.9125,0,42.0179,0,41.1229,0,42.8639,0,44.9414,0,47.0335,0,47.5722,0,48.1111,0,48.6503,0,49.1962,0,49.935,0,50.6699,0,51.4006,0,49.4647,0,47.5268,0,45.5913,0,43.6626,0,41.8908,0,40.7553,0,39.6201,0,38.9362,0,38.2518,0,37.567,0,36.8821,0,36.2284,0,35.768,0,35.3078
0,51.6554,0,50.4705,0,49.2831,0,48.0941,0,47.0628,0,46.1136,0,45.3796,0,44.6469,0,43.7543,0,42.8605,0,41.966,0,41.071,0,41.5019,0,43.5694,0,45.6551,0,46.193,0,46.7314,0,47.2702,0,47.9404,0,48.6817,0,49.4194,0,50.1533,0,48.2177,0,46.2829,0,44.3533,0,42.5503,0,41.4147,0,40.2789,0,39.1437,0,38.4596,0,37.7751,0,37.0903,0,36.4057,0,35.7212,0,35.0371,0,34.3536
0,51.6554,0,50.4705,0,49.2831,0,48.0941,0,47.0433,0,46.0702,0,45.3276,0,44.595,0,43.7024,0,42.8086,0,41.914,0,41.0192,0,40.1468,0,42.202,0,44.2788,0,44.8153,0,45.3526,0,45.9421,0,46.688,0,47.431,0,48.1708,0,48.9072,0,46.9737,0,45.0438,0,43.21,0,42.0745,0,40.9383,0,39.8023,0,38.6673,0,37.983,0,37.2985,0,36.6139,0,35.9295,0,35.2454,0,34.7032,0,34.3517
0,51.6554,0,50.4705,0,49.2831,0,48.0941,0,47.0237,0,46.0506,0,45.2757,0,44.5431,0,43.6505,0,42.7567,0,41.8621,0,40.9673,0,40.0726,0,40.8407,0,42.9063,0,43.4408,0,43.9763,0,44.6937,0,45.4401,0,46.184,0,46.9252,0,47.6635,0,45.7338,0,43.8695,0,42.7345,0,41.5983,0,40.4616,0,39.3255,0,38.1908,0,37.5065,0,36.8221,0,36.1378,0,35.4538,0,35.0529,0,34.7014,0,34.3499
0,51.6554,0,50.4705,0,49.2831,0,48.0941,0,47.0041,0,46.0311,0,45.2238,0,44.4912,0,43.5986,0,42.7047,0,41.8102,0,40.9154,0,40.0208,0,39.487,0,41.5392,0,42.0711,0,42.7035,0,43.4516,0,44.1978,0,44.942,0,45.6839,0,46.4232,0,44.5288,0,43.3946,0,42.2586,0,41.1216,0,39.9847,0,38.8487,0,37.7144,0,37.0302,0,36.346,0,35.7543,0,35.4027,0,35.0511,0,34.6995,0,34.348
0,51.6554,0,50.4705,0,49.2831,0,48.0941,0,46.9845,0,46.0115,0,45.1718,0,44.4394,0,43.5466,0,42.6528,0,41.7583,0,40.8636,0,39.969,0,39.0751,0,40.1789,0,40.7222,0,41.4701,0,42.2169,0,42.9623,0,43.7061,0,44.4479,0,45.1876,0,44.0545,0,42.919,0,41.7821,0,40.6447,0,39.5076,0,38.3718,0,37.2382,0,36.5541,0,36.1041,0,35.7525,0,35.4008,0,35.0492,0,34.6977,0,34.3462
0,51.6554,0,50.4705,0,49.2831,0,48.0941,0,46.9649,0,45.9919,0,45.1199,0,44.3875,0,43.4947,0,42.6009,0,41.7064,0,40.8117,0,39.9172,0,39.0234,0,38.8269,0,39.5005,0,40.246,0,40.9614,0,41.6529,0,42.3449,0,43.0372,0,43.7297,0,42.7205,0,41.7105,0,40.7005,0,39.6911,0,38.6828,0,37.6763,0,36.7398,0,36.4538,0,36.1022,0,35.7506,0,35.399,0,35.0474,0,34.6958,0,34.3443
0,51.6554,0,50.4705,0,49.2831,0,48.0941,0,46.9454,0,45.9723,0,45.068,0,44.3356,0,43.4428,0,42.549,0,41.6545,0,40.7598,0,39.8654,0,38.9717,0,38.1035,0,38.114,0,38.8029,0,39.4933,0,40.1848,0,40.8772,0,41.5703,0,42.264,0,41.2523,0,40.2408,0,39.2301,0,38.2208,0,37.2137,0,36.2093,0,36.0173,0,35.9016,0,35.7858,0,35.6701,0,35.3971,0,35.0455,0,34.694,0,34.3425
0,51.6554,0,50.4705,0,49.2831,0,48.0941,0,46.9258,0,45.9527,0,45.016,0,44.2837,0,43.3909,0,42.497,0,41.6026,0,40.708,0,39.8137,0,38.9226,0,38.105,0,37.018,0,37.3341,0,38.023,0,38.7135,0,39.4055,0,40.0985,0,40.7926,0,39.7796,0,38.7678,0,37.7578,0,36.7501,0,35.7455,0,35.3317,0,35.2942,0,35.1785,0,35.0628,0,34.9471,0,34.8315,0,34.7159,0,34.6004,0,34.3406
0,51.6554,0,50.4705,0,49.2831,0,48.0941,0,46.9062,0,45.9331,0,44.9641,0,44.2318,0,43.339,0,42.4451,0,41.5507,0,40.6562,0,39.7619,0,38.924,0,38.1064,0,37.0194,0,35.9304,0,36.5525,0,37.2412,0,37.9317,0,38.6237,0,39.3172,0,38.3044,0,37.2937,0,36.2856,0,35.2809,0,34.6456,0,34.6081,0,34.5705,0,34.4549,0,34.3393,0,34.2237,0,34.1082,0,33.9927,0,33.8773,0,32.3924
0,51.6554,0,50.4705,0,49.2831,0,48.0941,0,46.9046,0,45.9135,0,44.9419,0,44.1799,0,43.2871,0,42.3932,0,41.4988,0,40.6043,0,39.744,0,38.9255,0,38.1078,0,37.0208,0,35.9318,0,35.0837,0,35.7696,0,36.4577,0,37.1479,0,37.8399,0,36.8286,0,35.8203,0,34.8155,0,33.9591,0,33.9216,0,33.8842,0,33.8467,0,33.7312,0,33.6157,0,33.5003,0,33.3849,0,33.0698,0,31.5088,0,29.9352
0,51.6554,0,50.4705,0,49.2831,0,48.0941,0,46.9046,0,45.8939,0,44.9223,0,44.128,0,43.2352,0,42.3413,0,41.447,0,40.5644,0,39.7454,0,38.9269,0,38.1092,0,37.0222,0,35.9332,0,34.8431,0,34.3008,0,34.9857,0,35.673,0,36.3625,0,35.3541,0,34.3495,0,33.3494,0,33.2351,0,33.1977,0,33.1603,0,33.1228,0,33.0075,0,32.8922,0,32.7769,0,32.1899,0,30.6242,0,29.0473,0,27.4616
0,51.6554,0,50.4705,0,49.2831,0,48.0941,0,46.9046,0,45.8744,0,44.9027,0,44.0762,0,43.1833,0,42.2894,0,41.3951,0,40.5658,0,39.7468,0,38.9283,0,38.1106,0,37.0236,0,35.9347,0,34.8445,0,33.754,0,33.5173,0,34.2009,0,34.8872,0,33.8829,0,32.8833,0,32.5487,0,32.5113,0,32.474,0,32.4366,0,32.3992,0,32.284,0,32.1689,0,31.3087,0,29.7391,0,28.1596,0,26.5726,0,24.9805
0,51.6554,0,50.4705,0,49.2831,0,48.0941,0,46.9046,0,45.8548,0,44.8831,0,44.0243,0,43.1313,0,42.2375,0,41.3864,0,40.5672,0,39.7482,0,38.9297,0,38.112,0,37.025,0,35.9361,0,34.8459,0,33.7554,0,32.6652,0,32.7337,0,33.4157,0,32.4169,0,31.8626,0,31.8253,0,31.788,0,31.7507,0,31.7133,0,31.676,0,31.5611,0,30.4266,0,28.8538,0,27.2725,0,25.685,0,24.0938,0,22.5012
0,51.6554,0,50.4705,0,49.2831,0,48.0941,0,46.9046,0,45.8352,0,44.8635,0,43.9724,0,43.0794,0,42.2068,0,41.3878,0,40.5686,0,39.7496,0,38.9311,0,38.1134,0,37.0264,0,35.9375,0,34.8473,0,33.7568,0,32.6667,0,31.5777,0,31.95,0,31.177,0,31.1398,0,31.1025,0,31.0653,0,31.028,0,30.9908,0,30.9536,0,29.5441,0,27.9689,0,26.3865,0,24.7992,0,23.2097,0,21.6201,0,20.0331
0,51.6554,0,50.4705,0,49.2831,0,48.0941,0,46.9046,0,45.8156,0,44.844,0,43.9205,0,43.0275,0,42.2082,0,41.3892,0,40.57,0,39.751,0,38.9325,0,38.1149,0,37.0279,0,35.9389,0,34.8488,0,33.7582,0,32.6681,0,31.5791,0,30.4921,0,30.2993,0,30.1064,0,29.9132,0,29.7198,0,29.5261,0,29.3323,0,29.1383,0,27.4629,0,25.7814,0,24.0968,0,22.4118,0,20.7427,0,19.1608,0,17.5851
0,51.6554,0,50.4705,0,49.2831,0,48.0941,0,46.9046,0,45.796,0,44.8244,0,43.8686,0,43.0281,0,42.2096,0,41.3906,0,40.5714,0,39.7524,0,38.9339,0,38.1163,0,37.0293,0,35.9403,0,34.8502,0,33.7596,0,32.6695,0,31.4578,0,29.9618,0,28.371,0,28.1763,0,27.9814,0,27.7864,0,27.5912,0,27.3959,0,27.2004,0,25.5172,0,23.8313,0,22.1456,0,20.4629,0,18.7862,0,17.1183,0,15.9438
0,51.6554,0,50.4705,0,49.2831,0,48.0941,0,46.9046,0,45.7764,0,44.8048,0,43.8352,0,43.0274,0,42.211,0,41.392,0,40.5729,0,39.7539,0,38.9354,0,38.1177,0,37.0307,0,35.9417,0,34.8516,0,33.761,0,32.4257,0,30.9273,0,29.4312,0,27.7833,0,26.2342,0,26.0382,0,25.842,0,25.6456,0,25.4492,0,25.2527,0,23.5656,0,21.8792,0,20.1963,0,18.5198,0,16.8526,0,15.6929,0,14.8259
0,51.6554,0,50.4705,0,49.2831,0,48.0941,0,46.9046,0,45.7568,0,44.7852,0,43.8156,0,42.6893,0,42.0624,0,41.3934,0,40.5743,0,39.7553,0,38.9368,0,38.1191,0,37.0321,0,35.9431,0,34.853,0,33.395,0,31.8952,0,30.3963,0,28.9003,0,27.2503,0,25.59,0,24.0877,0,23.8908,0,23.6938,0,23.4967,0,23.2996,0,21.6125,0,19.9295,0,18.2533,0,16.5868,0,15.4421,0,14.5748,0,13.7063
0,51.6554,0,50.4705,0,49.2831,0,48.0941,0,46.9046,0,45.7372,0,44.7656,0,43.7961,0,42.3596,0,41.7234,0,41.0963,0,40.4697,0,39.7567,0,38.9382,0,38.1205,0,37.0335,0,35.8634,0,34.3654,0,32.8649,0,31.3641,0,29.8648,0,28.3692,0,26.7174,0,25.0561,0,23.3881,0,21.9375,0,21.7402,0,21.5429,0,21.3457,0,19.6625,0,17.9867,0,16.3211,0,15.1912,0,14.3238,0,13.4552,0,12.5858
0,51.6554,0,50.4705,0,49.2831,0,48.0941,0,46.9046,0,45.7176,0,44.746,0,43.7765,0,42.34,0,41.3839,0,40.7566,0,40.1298,0,39.5035,0,38.8779,0,38.1219,0,36.8326,0,35.3362,0,33.836,0,32.334,0,30.8323,0,29.3329,0,27.838,0,26.1847,0,24.5228,0,22.855,0,21.1842,0,19.7894,0,19.5924,0,19.3955,0,17.7201,0,16.0554,0,14.9403,0,14.0728,0,13.2042,0,12.3349,0,11.4653
0,51.6554,0,50.4705,0,49.2831,0,48.0941,0,46.9046,0,45.7156,0,44.7265,0,43.757,0,42.3204,0,41.0441,0,40.4166,0,39.7895,0,39.1632,0,38.5377,0,37.9131,0,36.3069,0,34.8078,0,33.3055,0,31.8023,0,30.3,0,28.8008,0,27.3068,0,25.6523,0,23.99,0,22.3228,0,20.6534,0,18.9848,0,17.6497,0,17.4535,0,15.7897,0,14.6894,0,13.8218,0,12.9532,0,12.0841,0,11.2148,0,10.3457
0,51.6554,0,50.4705,0,49.2831,0,48.0941,0,46.9046,0,45.7156,0,44.7069,0,43.7374,0,42.3008,0,40.8594,0,40.0762,0,39.4491,0,38.8227,0,38.1972,0,37.5728,0,35.9573,0,34.3339,0,32.7741,0,31.2698,0,29.7673,0,28.2686,0,26.7757,0,25.1202,0,23.4579,0,21.7915,0,20.1239,0,18.4579,0,16.7962,0,15.524,0,14.4386,0,13.5709,0,12.7024,0,11.8334,0,10.9644,0,10.0957,0,9.2278
0,51.6554,0,50.4705,0,49.2831,0,48.0941,0,46.9046,0,45.7156,0,44.6873,0,43.7178,0,42.2812,0,40.8398,0,39.7355,0,39.1083,0,38.482,0,37.8566,0,37.2324,0,35.6158,0,33.9919,0,32.3633,0,30.7368,0,29.2343,0,27.7362,0,26.2448,0,24.5886,0,22.9265,0,21.2613,0,19.5957,0,17.9326,0,16.5545,0,15.2238,0,13.9509,0,13.0393,0,12.1271,0,11.2147,0,10.3026,0,9.3912,0,8.4811
0,51.6554,0,50.4705,0,49.2831,0,48.0941,0,46.9046,0,45.7156,0,44.6677,0,43.6983,0,42.2616,0,40.8202,0,39.3945,0,38.7673,0,38.141,0,37.5159,0,36.8919,0,35.2743,0,33.65,0,32.0215,0,30.3916,0,28.7627,0,27.2039,0,25.7141,0,24.0576,0,22.396,0,20.8733,0,19.5348,0,18.1972,0,16.862,0,15.5308,0,14.0844,0,12.8471,0,11.9346,0,11.022,0,10.1098,0,9.1985,0,8.2885
0,51.6554,0,50.4705,0,49.2831,0,48.0941,0,46.9046,0,45.7156,0,44.6481,0,43.6787,0,42.242,0,40.8006,0,39.3562,0,38.4261,0,37.8,0,37.175,0,36.5513,0,34.9328,0,33.3082,0,31.68,0,30.0509,0,28.4234,0,26.8002,0,25.1838,0,23.8526,0,22.5176,0,21.1803,0,19.8423,0,18.5049,0,17.1696,0,15.8378,0,14.3916,0,12.9428,0,11.742,0,10.8293,0,9.917,0,9.0057,0,8.0958
0,51.6554,0,50.4705,0,49.2831,0,48.0941,0,46.9046,0,45.7156,0,44.6285,0,43.6591,0,42.2225,0,40.781,0,39.3366,0,38.0847,0,37.4587,0,36.834,0,36.2106,0,34.5914,0,32.9666,0,31.3388,0,29.7106,0,28.0846,0,26.4634,0,25.043,0,24.0588,0,22.8234,0,21.4871,0,20.1496,0,18.8124,0,17.477,0,16.1449,0,14.699,0,13.25,0,11.7997,0,10.6365,0,9.7242,0,8.8129,0,7.9032
0,51.6554,0,50.4705,0,49.2831,0,48.0941,0,46.9046,0,45.7156,0,44.6089,0,43.6396,0,42.2029,0,40.7614,0,39.317,0,37.8716,0,37.1174,0,36.4929,0,35.8699,0,34.2501,0,32.6253,0,30.9979,0,29.3708,0,27.7463,0,26.2602,0,24.9022,0,23.9178,0,22.9318,0,21.7935,0,20.4567,0,19.1199,0,17.7845,0,16.4519,0,15.0064,0,13.5574,0,12.1067,0,10.6562,0,9.5313,0,8.6201,0,7.7105
0,51.6554,0,50.4705,0,49.2831,0,48.0941,0,46.9046,0,45.7156,0,44.5894,0,43.62,0,42.1833,0,40.7418,0,39.2974,0,37.852,0,36.7759,0,36.1518,0,35.5292,0,33.9089,0,32.2841,0,30.6574,0,29.0314,0,27.4799,0,26.1192,0,24.7614,0,23.7769,0,22.7907,0,21.8035,0,20.7636,0,19.4271,0,18.0918,0,16.759,0,15.3139,0,13.8649,0,12.4139,0,10.9626,0,9.5131,0,8.4273,0,7.5179
0,51.6554,0,50.4705,0,49.2831,0,48.0941,0,46.9046,0,45.7156,0,44.5698,0,43.6004,0,42.1637,0,40.7222,0,39.2779,0,37.8325,0,36.4344,0,35.8106,0,35.1885,0,33.5678,0,31.9432,0,30.3172,0,28.7011,0,27.339,0,25.9782,0,24.6205,0,23.6359,0,22.6497,0,21.6626,0,20.675,0,19.6877,0,18.399,0,17.066,0,15.6214,0,14.1726,0,12.7213,0,11.2694,0,9.8188,0,8.3713,0,7.3252
0,51.6554,0,50.4705,0,49.2831,0,48.0941,0,46.9046,0,45.7156,0,44.5502,0,43.5809,0,42.1441,0,40.7026,0,39.2583,0,37.8129,0,36.3684,0,35.4695,0,34.8478,0,33.2269,0,31.6026,0,29.9774,0,28.5603,0,27.198,0,25.8372,0,24.4797,0,23.495,0,22.5088,0,21.5217,0,20.5342,0,19.5471,0,18.5609,0,17.373,0,15.929,0,14.4804,0,13.0289,0,11.5764,0,10.1095,0,8.55,0,6.9954
0,51.6554,0,50.4705,0,49.2831,0,48.0941,0,46.9046,0,45.7156,0,44.5306,0,43.5613,0,42.1245,0,40.683,0,39.2387,0,37.7934,0,36.3489,0,35.1283,0,34.5072,0,32.8862,0,31.2622,0,29.7822,0,28.4194,0,27.0569,0,25.6962,0,24.3388,0,23.354,0,22.3678,0,21.3808,0,20.3935,0,19.4066,0,18.4207,0,17.7683,0,15.4881,0,13.9259,0,12.3606,0,10.7947,0,9.2305,0,7.6702,0,6.1161
0,51.6554,0,50.4705,0,49.2831,0,48.0941,0,46.9046,0,45.7156,0,44.5282,0,43.5417,0,42.1049,0,40.6634,0,39.2191,0,37.7738,0,36.3294,0,34.8878,0,34.1667,0,32.5457,0,31.0034,0,29.6415,0,28.2785,0,26.9159,0,25.5552,0,24.198,0,23.2131,0,22.2269,0,21.2399,0,20.2528,0,19.4167,0,18.8268,0,18.2373,0,15.4376,0,13.0524,0,11.4832,0,9.9146,0,8.349,0,6.7886,0,5.2358
0,51.6554,0,50.4705,0,49.2831,0,48.0941,0,46.9046,0,45.7156,0,44.5282,0,43.5222,0,42.0853,0,40.6438,0,39.1995,0,37.7543,0,36.31,0,34.8684,0,33.8264,0,32.223,0,30.8632,0,29.5008,0,28.1375,0,26.7748,0,25.4142,0,24.0572,0,23.0722,0,22.086,0,21.0991,0,20.4768,0,19.8864,0,19.2963,0,18.7066,0,15.9084,0,13.0855,0,10.6022,0,9.0316,0,7.4654,0,5.9057,0,4.355
0,51.6554,0,50.4705,0,49.2831,0,48.0941,0,46.9046,0,45.7156,0,44.5282,0,43.5026,0,42.0657,0,40.6242,0,39.1799,0,37.7348,0,36.2905,0,34.849,0,33.4861,0,32.0832,0,30.7228,0,29.3601,0,27.9965,0,26.6337,0,25.2731,0,23.9163,0,22.9313,0,22.1273,0,21.5369,0,20.9464,0,20.356,0,19.7658,0,19.1759,0,16.3798,0,13.5565,0,10.7197,0,8.1463,0,6.5802,0,5.022,0,3.4739
0,51.6554,0,50.4705,0,49.2831,0,48.0941,0,46.9046,0,45.7156,0,44.5282,0,43.4831,0,42.0461,0,40.6046,0,39.1604,0,37.7152,0,36.271,0,34.8296,0,33.4321,0,32.0214,0,30.6477,0,29.2716,0,27.8948,0,26.5188,0,25.1452,0,23.7755,0,23.1861,0,22.5962,0,22.0061,0,21.4158,0,20.8255,0,20.2353,0,19.6453,0,16.8515,0,14.0283,0,11.1893,0,8.3482,0,5.6937,0,4.1377,0,2.5931
0,51.6554,0,50.4705,0,49.2831,0,48.0941,0,46.9046,0,45.7156,0,44.5282,0,43.4635,0,42.0265,0,40.585,0,39.1408,0,37.6957,0,36.2516,0,34.843,0,33.4639,0,32.0121,0,30.626,0,29.2499,0,27.873,0,26.497,0,25.1234,0,23.7538,0,23.4188,0,23.0647,0,22.475,0,21.885,0,21.2948,0,20.7047,0,20.1147,0,17.3236,0,14.5009,0,11.66,0,8.8147,0,5.979,0,3.2534,0,1.713
0,51.6554,0,50.4705,0,49.2831,0,48.0941,0,46.9046,0,45.7156,0,44.5282,0,43.4439,0,42.0069,0,40.5654,0,39.1212,0,37.6762,0,36.2582,0,34.8749,0,33.4957,0,32.044,0,30.6044,0,29.2282,0,27.8513,0,26.4752,0,25.1016,0,23.732,0,23.3971,0,23.0621,0,22.727,0,22.3538,0,21.7639,0,21.1739,0,20.5839,0,17.7959,0,14.9741,0,12.1317,0,9.2826,0,6.4408,0,3.6202,0,0.83396
0,51.6554,0,50.4705,0,49.2831,0,48.0941,0,46.9046,0,45.7156,0,44.5282,0,43.4244,0,41.9873,0,40.5458,0,39.1016,0,37.6761,0,36.2901,0,34.9067,0,33.5275,0,32.0759,0,30.6198,0,29.2065,0,27.8295,0,26.4535,0,25.0799,0,23.7103,0,23.3754,0,23.0404,0,22.7053,0,22.3703,0,22.0352,0,21.6429,0,21.053,0,18.2685,0,15.448,0,12.593,0,9.701,0,6.8172,0,3.956,0,1.1312
0,51.6554,0,50.4705,0,49.2831,0,48.0941,0,46.9046,0,45.7156,0,44.5282,0,43.4048,0,41.9677,0,40.5262,0,39.0948,0,37.7079,0,36.322,0,34.9386,0,33.5593,0,32.1077,0,30.6517,0,29.193,0,27.8078,0,26.4317,0,25.0581,0,23.6886,0,23.3536,0,23.0186,0,22.6836,0,22.3485,0,22.0135,0,21.6785,0,21.3541,0,18.6302,0,15.771,0,12.8895,0,9.9999,0,7.117,0,4.2553,0,1.4285
0,51.6554,0,50.4705,0,49.2831,0,48.0941,0,46.9046,0,45.7156,0,44.5282,0,43.3852,0,41.9481,0,40.5126,0,39.1266,0,37.7398,0,36.3539,0,34.9705,0,33.5912,0,32.1396,0,30.6835,0,29.2249,0,27.786,0,26.4099,0,25.0363,0,23.6668,0,23.3319,0,22.9969,0,22.6618,0,22.3268,0,21.9918,0,21.6699,0,21.3614,0,18.7579,0,16.0628,0,13.1853,0,10.2984,0,7.4166,0,4.5545,0,1.7258
0,51.6554,0,50.4705,0,49.2831,0,48.0941,0,46.9046,0,45.7156,0,44.5282,0,43.3657,0,41.9285,0,40.5443,0,39.1584,0,37.7716,0,36.3857,0,35.0023,0,33.623,0,32.1715,0,30.7154,0,29.2567,0,27.7972,0,26.3882,0,25.0146,0,23.6451,0,23.3102,0,22.9752,0,22.6401,0,22.3051,0,21.9859,0,21.6772,0,21.3687,0,18.7653,0,16.1343,0,13.4805,0,10.5964,0,7.7159,0,4.8535,0,2.0231
0,51.6554,0,50.4705,0,49.2831,0,48.0941,0,46.9046,0,45.7156,0,44.5282,0,43.3461,0,41.9594,0,40.576,0,39.1901,0,37.8035,0,36.4176,0,35.0342,0,33.6548,0,32.2033,0,30.7473,0,29.2886,0,27.829,0,26.3705,0,24.9928,0,23.6234,0,23.2884,0,22.9534,0,22.6184,0,22.3018,0,21.9932,0,21.6845,0,21.376,0,18.7726,0,16.1416,0,13.4938,0,10.8404,0,8.0149,0,5.1524,0,2.3204
0,51.6554,0,50.4705,0,49.2831,0,48.0941,0,46.9046,0,45.7156,0,44.5282,0,43.1423,0,41.9884,0,40.6077,0,39.2219,0,37.8353,0,36.4495,0,35.066,0,33.6866,0,32.2352,0,30.7792,0,29.3204,0,27.8608,0,26.4022,0,24.9711,0,23.6017,0,23.2667,0,22.9317,0,22.6178,0,22.3091,0,22.0005,0,21.6918,0,21.3833,0,18.7799,0,16.149,0,13.5012,0,10.8477,0,8.2,0,5.451,0,2.6177
0,51.6554,0,50.4705,0,49.2831,0,48.0941,0,46.9046,0,45.7156,0,44.5282,0,42.9076,0,41.7533,0,40.5961,0,39.2537,0,37.8671,0,36.4813,0,35.0979,0,33.7184,0,32.2671,0,30.811,0,29.3522,0,27.8925,0,26.4338,0,24.978,0,23.5799,0,23.245,0,22.9337,0,22.6251,0,22.3164,0,22.0077,0,21.6991,0,21.3906,0,18.7873,0,16.1563,0,13.5085,0,10.855,0,8.2072,0,5.5762,0,2.9149
0,51.6554,0,50.4705,0,49.2831,0,48.0941,0,46.9046,0,45.7156,0,44.5282,0,42.6729,0,41.5181,0,40.3606,0,39.2015,0,37.899,0,36.5132,0,35.1298,0,33.7502,0,32.2989,0,30.8429,0,29.3841,0,27.9243,0,26.4655,0,25.0095,0,23.5582,0,23.2496,0,22.941,0,22.6323,0,22.3237,0,22.015,0,21.7064,0,21.3978,0,18.7946,0,16.1636,0,13.5158,0,10.8622,0,8.2753,0,6.0813,0,3.908
0,51.6554,0,50.4705,0,49.2831,0,48.0941,0,46.9046,0,45.7156,0,44.5282,0,42.4381,0,41.2828,0,40.1251,0,38.9659,0,37.8062,0,36.5451,0,35.1616,0,33.7821,0,32.3308,0,30.8748,0,29.4159,0,27.9561,0,26.566,0,25.3598,0,24.157,0,23.6946,0,23.2323,0,22.7701,0,22.331,0,22.0223,0,21.7137,0,21.4051,0,18.8019,0,16.171,0,13.8782,0,11.6648,0,9.4559,0,7.258,0,5.0776
0,51.6554,0,50.4705,0,49.2831,0,48.0941,0,46.9046,0,45.7156,0,44.5282,0,42.2032,0,41.0475,0,39.8896,0,38.7304,0,37.5709,0,36.4119,0,35.1935,0,33.8139,0,32.3627,0,30.9067,0,29.5854,0,28.376,0,27.1673,0,25.9604,0,24.7563,0,24.2938,0,23.8312,0,23.3687,0,22.9062,0,22.4438,0,21.9816,0,21.573,0,19.4442,0,17.2532,0,15.0503,0,12.8419,0,10.6345,0,8.4347,0,6.2488
0,51.6554,0,50.4705,0,49.2831,0,48.0941,0,46.9046,0,45.7156,0,44.5282,0,41.9682,0,40.8122,0,39.6541,0,38.495,0,37.3356,0,36.1771,0,35.0202,0,33.8457,0,32.5995,0,31.3936,0,30.1858,0,28.977,0,27.7684,0,26.561,0,25.356,0,24.8934,0,24.4307,0,23.9679,0,23.5051,0,23.0424,0,22.5836,0,22.4645,0,20.455,0,18.4085,0,16.2158,0,14.0142,0,11.8102,0,9.6103,0,7.4209
0,51.6554,0,50.4705,0,49.2831,0,48.0941,0,46.9046,0,45.7156,0,44.5282,0,41.7332,0,40.5769,0,39.4187,0,38.2596,0,37.1005,0,35.9424,0,34.7862,0,33.9433,0,33.1958,0,31.9918,0,30.7854,0,29.5775,0,28.3693,0,27.1617,0,25.956,0,25.4934,0,25.0307,0,24.5678,0,24.1048,0,23.6418,0,23.4766,0,23.3573,0,21.3477,0,19.3321,0,17.3154,0,15.1808,0,12.982,0,10.7839,0,8.5928
0,51.6554,0,50.4705,0,49.2831,0,48.0941,0,46.9046,0,45.7156,0,44.5282,0,41.4982,0,40.3416,0,39.1833,0,38.0242,0,36.8654,0,35.7078,0,34.5523,0,34.0465,0,33.3314,0,32.5888,0,31.3841,0,30.1773,0,28.9697,0,27.7623,0,26.5561,0,26.0937,0,25.631,0,25.1681,0,24.705,0,24.49,0,24.3704,0,24.2509,0,22.2422,0,20.2253,0,18.2051,0,16.1866,0,14.149,0,11.9544,0,9.7635
0,51.6554,0,50.4705,0,49.2831,0,48.0941,0,46.9046,0,45.7156,0,44.5282,0,41.2631,0,40.1062,0,38.9479,0,37.789,0,36.6305,0,35.4734,0,34.3514,0,34.1496,0,33.4345,0,32.7191,0,31.9817,0,30.7764,0,29.5696,0,28.3626,0,27.1562,0,26.694,0,26.2315,0,25.7687,0,25.504,0,25.3843,0,25.2646,0,25.1449,0,23.1381,0,21.1208,0,19.098,0,17.0748,0,15.0562,0,13.0471,0,10.932
0,51.6554,0,50.4705,0,49.2831,0,48.0941,0,46.9046,0,45.7156,0,44.5282,0,41.028,0,39.8709,0,38.7125,0,37.5538,0,36.3957,0,35.2391,0,34.4545,0,34.2528,0,33.5377,0,32.8222,0,32.1065,0,31.3745,0,30.1689,0,28.9624,0,27.7562,0,27.2943,0,26.8321,0,26.518,0,26.3982,0,26.2784,0,26.1586,0,26.0389,0,24.0349,0,22.0183,0,19.9939,0,17.9669,0,15.9422,0,14.0067,0,12.4907
0,51.6554,0,50.4705,0,49.2831,0,48.0941,0,46.9046,0,45.7156,0,44.5282,0,40.7928,0,39.6356,0,38.4772,0,37.3187,0,36.161,0,35.0051,0,34.5577,0,34.3559,0,33.6409,0,32.9254,0,32.2096,0,31.4939,0,30.7674,0,29.5618,0,28.3559,0,27.8945,0,27.5315,0,27.4116,0,27.2918,0,27.172,0,27.0522,0,26.9324,0,24.9322,0,22.9172,0,20.8923,0,18.9168,0,17.3779,0,15.8448,0,14.3194
0,51.6554,0,50.4705,0,49.2831,0,48.0941,0,46.9046,0,45.7156,0,44.5282,0,40.5577,0,39.4003,0,38.242,0,37.0838,0,35.9265,0,34.8627,0,34.6609,0,34.4591,0,33.7441,0,33.0286,0,32.3128,0,31.5969,0,30.8813,0,30.1605,0,28.9552,0,28.5437,0,28.4239,0,28.3041,0,28.1843,0,28.0645,0,27.9447,0,27.825,0,25.8296,0,23.844,0,22.3047,0,20.764,0,19.2241,0,17.6873,0,16.1557
0,51.6554,0,50.4705,0,49.2831,0,48.0941,0,46.9046,0,45.7156,0,44.5282,0,40.3225,0,39.165,0,38.0068,0,36.8489,0,35.6921,0,34.9659,0,34.764,0,34.5622,0,33.8473,0,33.1318,0,32.4159,0,31.7,0,30.9843,0,30.2688,0,29.554,0,29.4343,0,29.3146,0,29.1949,0,29.0753,0,28.9556,0,28.8359,0,28.7162,0,27.1989,0,25.6732,0,24.1414,0,22.6055,0,21.0678,0,19.5305,0,17.9957
0,51.6554,0,50.4705,0,49.2831,0,48.0941,0,46.9046,0,45.7156,0,44.5282,0,40.0873,0,38.9298,0,37.7718,0,36.6141,0,35.4579,0,35.0691,0,34.8672,0,34.6653,0,33.9504,0,33.235,0,32.5191,0,31.8032,0,31.0873,0,30.3752,0,29.9717,0,29.6476,0,29.5279,0,29.4083,0,29.2886,0,29.1689,0,29.0492,0,28.9295,0,28.2311,0,27.4869,0,25.9655,0,24.4375,0,22.9052,0,21.3705,0,19.8358
0,51.6554,0,50.4705,0,49.2831,0,48.0941,0,46.9046,0,45.7156,0,44.4899,0,39.8522,0,38.6946,0,37.5368,0,36.3795,0,35.3742,0,35.1722,0,34.9703,0,34.7685,0,34.0536,0,33.3382,0,32.6223,0,31.9063,0,31.1973,0,30.7934,0,30.3897,0,30.0309,0,29.7413,0,29.6216,0,29.5019,0,29.3822,0,29.2625,0,29.1428,0,28.4444,0,27.7457,0,27.0467,0,26.2564,0,24.7324,0,23.2036,0,21.6721
0,51.6554,0,50.4705,0,49.2831,0,48.0941,0,46.9046,0,45.7156,0,44.2553,0,39.617,0,38.4595,0,37.3019,0,36.145,0,35.4773,0,35.2754,0,35.0735,0,34.8716,0,34.1568,0,33.4414,0,32.7255,0,32.0198,0,31.6156,0,31.2116,0,30.8077,0,30.4488,0,30.09,0,29.8349,0,29.7152,0,29.5956,0,29.4759,0,29.3562,0,28.6578,0,27.959,0,27.26,0,26.5609,0,25.8619,0,25.026,0,23.5008
0,51.6554,0,50.4705,0,49.2831,0,48.0941,0,46.9046,0,45.7156,0,44.0206,0,39.3819,0,38.2245,0,37.0671,0,35.9107,0,35.5805,0,35.3786,0,35.1766,0,34.9748,0,34.26,0,33.5446,0,32.8426,0,32.4383,0,32.034,0,31.6299,0,31.2259,0,30.8669,0,30.5079,0,30.1491,0,29.9286,0,29.8089,0,29.6892,0,29.5695,0,28.8712,0,28.1724,0,27.4733,0,26.7741,0,26.075,0,25.3762,0,24.4051
0,51.6554,0,50.4705,0,49.2831,0,48.0941,0,46.9046,0,45.7156,0,43.7857,0,39.1468,0,37.9895,0,36.8324,0,35.8856,0,35.6837,0,35.4817,0,35.2798,0,35.0779,0,34.3632,0,33.6651,0,33.2609,0,32.8566,0,32.4523,0,32.0482,0,31.6441,0,31.285,0,30.926,0,30.5671,0,30.2083,0,30.0222,0,29.9025,0,29.7829,0,29.0847,0,28.3859,0,27.6867,0,26.9874,0,26.2261,0,25.0803,0,23.9354
0,51.6554,0,50.4705,0,49.2831,0,48.0941,0,46.9046,0,45.7156,0,43.5507,0,38.9118,0,37.7546,0,36.5978,0,35.9888,0,35.7868,0,35.5849,0,35.3829,0,35.1811,0,34.4872,0,34.0831,0,33.679,0,33.2748,0,32.8706,0,32.4664,0,32.0623,0,31.7032,0,31.3441,0,30.9851,0,30.6262,0,30.2674,0,30.1159,0,29.9962,0,29.2981,0,28.5994,0,27.9002,0,26.903,0,25.7565,0,24.6104,0,23.4657
0,51.6554,0,50.4705,0,49.2831,0,48.0941,0,46.9046,0,45.7156,0,43.3156,0,38.6768,0,37.5197,0,36.3633,0,36.0919,0,35.89,0,35.688,0,35.4861,0,35.3616,0,34.9047,0,34.5008,0,34.0968,0,33.6928,0,33.2887,0,32.8845,0,32.4805,0,32.1214,0,31.7623,0,31.4032,0,31.0442,0,30.6853,0,30.3292,0,30.2095,0,29.5116,0,28.7262,0,27.5804,0,26.4335,0,25.2865,0,24.1403,0,22.9958
0,51.6554,0,50.4705,0,49.2831,0,48.0941,0,46.9046,0,45.7156,0,43.0805,0,38.4418,0,37.285,0,36.3971,0,36.1951,0,35.9931,0,35.7911,0,35.82,0,36.4735,0,35.7635,0,35.0549,0,34.5145,0,34.1106,0,33.7066,0,33.3026,0,32.8985,0,32.5395,0,32.1804,0,31.8213,0,31.4623,0,31.1033,0,30.7444,0,30.4228,0,29.4034,0,28.258,0,27.1111,0,25.9635,0,24.8162,0,23.67,0,22.526
0,51.6554,0,50.4705,0,49.2831,0,48.0941,0,46.9046,0,45.7156,0,42.8452,0,38.2069,0,37.0504,0,36.5002,0,36.2982,0,36.0962,0,36.2789,0,36.9334,0,37.5904,0,36.878,0,36.1666,0,35.4565,0,34.748,0,34.1243,0,33.7204,0,33.3165,0,32.9575,0,32.5985,0,32.2394,0,31.8929,0,31.6174,0,31.3418,0,31.0662,0,29.4718,0,27.8738,0,26.6413,0,25.4931,0,24.3456,0,23.1996,0,22.0561
0,51.6554,0,50.4705,0,49.2831,0,48.0941,0,46.9046,0,45.7156,0,42.6098,0,37.9721,0,36.8159,0,36.6033,0,36.4013,0,36.738,0,37.3936,0,38.0515,0,38.7115,0,37.9971,0,37.2835,0,36.5708,0,35.8594,0,35.1493,0,34.4408,0,33.7342,0,33.459,0,33.1837,0,32.9083,0,32.6328,0,32.3572,0,32.0816,0,31.806,0,30.2118,0,28.6128,0,27.0116,0,25.4106,0,23.8748,0,22.7292,0,21.5864
0,51.6554,0,50.4705,0,49.2831,0,48.0941,0,46.9046,0,45.7156,0,42.3744,0,37.7374,0,36.9084,0,36.7064,0,37.1975,0,37.854,0,38.5127,0,39.1734,0,39.8359,0,39.1202,0,38.4048,0,37.6901,0,36.9762,0,36.2634,0,35.5519,0,35.0238,0,34.2486,0,33.9236,0,33.6484,0,33.373,0,33.0975,0,32.8219,0,32.5463,0,30.9528,0,29.3535,0,27.7507,0,26.147,0,24.5449,0,22.9469,0,21.9828
0,51.6554,0,50.4705,0,49.2831,0,48.0941,0,46.9046,0,45.7156,0,42.1389,0,37.5027,0,37.0114,0,37.6571,0,38.3145,0,38.974,0,39.6353,0,40.2983,0,40.9629,0,40.2463,0,39.5297,0,38.8135,0,38.0977,0,37.3827,0,36.7523,0,36.3187,0,35.5397,0,34.7634,0,34.3884,0,34.1132,0,33.8379,0,33.5624,0,33.2868,0,31.6947,0,30.0955,0,28.4917,0,26.8859,0,25.2804,0,24.9701,0,25.9141
0,51.6554,0,50.4705,0,49.2831,0,48.0941,0,46.9046,0,45.7156,0,41.9033,0,37.3391,0,38.1169,0,38.7751,0,39.4352,0,40.097,0,40.7605,0,41.4253,0,42.0914,0,41.3745,0,40.6574,0,39.9401,0,39.223,0,38.5063,0,38.0542,0,37.6176,0,36.8355,0,36.0557,0,35.2783,0,34.8532,0,34.5781,0,34.3029,0,34.0275,0,32.4372,0,30.8387,0,29.2344,0,27.6269,0,27.989,0,28.9582,0,29.9403
0,51.6554,0,50.4705,0,49.2831,0,48.0941,0,46.9046,0,45.7156,0,41.6677,0,37.6012,0,39.2249,0,39.8963,0,40.5586,0,41.2224,0,41.8874,0,42.5536,0,43.2206,0,42.5041,0,41.7868,0,41.0692,0,40.3513,0,39.7991,0,39.3584,0,38.9192,0,38.1349,0,37.3523,0,36.5717,0,35.7935,0,35.318,0,35.0431,0,34.768,0,33.1801,0,31.5828,0,30.046,0,31.0232,0,32.0122,0,33.0125,0,34.0238
0,51.6554,0,50.4705,0,49.2831,0,48.0941,0,46.9046,0,45.7156,0,41.432,0,37.8634,0,39.4881,0,41.0199,0,41.6839,0,42.3491,0,43.0152,0,43.6822,0,44.3498,0,43.634,0,42.9173,0,42.1998,0,41.5501,0,41.1062,0,40.6635,0,40.2222,0,39.4364,0,38.6518,0,37.8688,0,37.0877,0,36.3087,0,35.7828,0,35.5081,0,33.923,0,33.0625,0,34.0556,0,35.0588,0,36.0716,0,37.0936,0,38.1241
0,51.6554,0,50.4705,0,49.2831,0,48.0941,0,46.9046,0,45.7156,0,41.1963,0,38.1257,0,39.7514,0,41.3852,0,42.8103,0,43.4764,0,44.1431,0,44.8103,0,45.4779,0,44.7636,0,44.0479,0,43.331,0,42.8576,0,42.4123,0,41.9681,0,41.5251,0,40.7387,0,39.953,0,39.1684,0,38.3851,0,37.6036,0,36.8239,0,36.2474,0,36.0661,0,37.0694,0,38.081,0,39.1004,0,40.127,0,41.1602,0,42.1994
0,51.6554,0,50.4705,0,49.2831,0,48.0941,0,46.9046,0,45.6056,0,40.9605,0,38.3881,0,40.0148,0,41.6491,0,43.2883,0,44.6033,0,45.2701,0,45.9371,0,46.6041,0,45.8917,0,45.1776,0,44.6095,0,44.1624,0,43.7162,0,43.271,0,42.8267,0,42.0404,0,41.2544,0,40.469,0,39.6845,0,38.9011,0,38.1933,0,37.7413,0,39.2279,0,40.7195,0,42.0828,0,43.1081,0,44.1381,0,45.1721,0,46.2094
0,51.6554,0,50.4705,0,49.2831,0,48.0941,0,46.9046,0,45.3712,0,40.7248,0,38.6506,0,40.2782,0,41.9129,0,43.5521,0,45.1932,0,46.3954,0,47.0617,0,47.7276,0,47.0177,0,46.3586,0,45.9105,0,45.4632,0,45.0165,0,44.5706,0,44.1256,0,43.3403,0,42.5548,0,41.7694,0,41.0344,0,40.5832,0,40.1312,0,39.6786,0,41.1728,0,42.6693,0,44.1663,0,45.6617,0,47.1533,0,48.6393,0,50.1177
0,51.6554,0,50.4705,0,49.2831,0,48.0941,0,46.9046,0,45.1365,0,40.489,0,38.9132,0,40.5416,0,42.1767,0,43.8158,0,45.4564,0,47.0957,0,48.1831,0,48.8475,0,48.1406,0,47.6534,0,47.2057,0,46.7585,0,46.3119,0,45.8658,0,45.4205,0,44.637,0,43.878,0,43.4298,0,42.9805,0,42.5302,0,42.0791,0,41.6271,0,43.1253,0,44.6234,0,46.1191,0,47.6106,0,49.0958,0,50.5198,0,51.2305
0,51.6554,0,50.4705,0,49.2831,0,48.0941,0,46.9046,0,44.9017,0,40.2532,0,39.1758,0,40.805,0,42.4404,0,44.0794,0,45.7195,0,47.3578,0,48.9918,0,49.963,0,49.3879,0,48.9407,0,48.4937,0,48.0472,0,47.601,0,47.1553,0,46.7101,0,46.267,0,45.8226,0,45.3769,0,44.9299,0,44.4818,0,44.0325,0,43.5821,0,45.081,0,46.577,0,48.0681,0,49.5523,0,50.922,0,51.6332,0,52.3455
0,51.6554,0,50.4705,0,49.2831,0,48.0941,0,46.9046,0,44.6667,0,40.0174,0,39.4386,0,41.0683,0,42.704,0,44.3429,0,45.9823,0,47.6196,0,49.2521,0,50.7873,0,50.6677,0,50.2217,0,49.7753,0,49.3287,0,48.8818,0,48.4347,0,47.9875,0,47.9742,0,47.7641,0,47.322,0,46.8784,0,46.4333,0,45.9869,0,45.5392,0,47.0353,0,48.5258,0,50.0088,0,51.3244,0,52.0359,0,52.7484,0,53.4618
0,51.6554,0,50.4705,0,49.2831,0,48.0941,0,46.9046,0,44.4316,0,39.7817,0,39.7013,0,41.3317,0,42.9676,0,44.6062,0,46.2449,0,47.8811,0,49.512,0,50.6563,0,51.9509,0,51.5051,0,51.0589,0,50.6122,0,50.1652,0,49.7178,0,49.2701,0,49.2556,0,49.241,0,49.2266,0,48.8212,0,48.3803,0,47.9378,0,47.4938,0,48.9836,0,50.4652,0,51.7267,0,52.4385,0,53.1513,0,53.8647,0,54.5787
0,51.6554,0,50.4705,0,49.2831,0,48.0941,0,46.9046,0,44.1964,0,39.5459,0,39.9641,0,41.5951,0,43.231,0,44.8693,0,46.5073,0,48.1423,0,49.7716,0,50.5253,0,51.9442,0,52.7902,0,52.3446,0,51.8984,0,51.4516,0,51.0043,0,50.5565,0,50.5408,0,50.5251,0,50.5095,0,50.4938,0,50.3183,0,49.8808,0,49.4414,0,50.9215,0,52.1291,0,52.8411,0,53.554,0,54.2674,0,54.9812,0,55.6952
0,51.6554,0,50.4705,0,49.2831,0,48.0941,0,46.9046,0,43.961,0,39.3713,0,40.227,0,41.8584,0,43.4944,0,45.1323,0,46.7694,0,48.4031,0,49.7625,0,50.3943,0,51.813,0,53.2351,0,53.6311,0,53.1857,0,52.7396,0,52.2929,0,51.8456,0,51.8287,0,51.8118,0,51.795,0,51.7782,0,51.7614,0,51.7447,0,51.3776,0,52.5314,0,53.2436,0,53.9565,0,54.6698,0,55.3834,0,56.0971,0,56.8105
0,51.6554,0,50.4705,0,49.2831,0,48.0941,0,46.9046,0,43.7255,0,39.6347,0,40.4899,0,42.1216,0,43.7576,0,45.395,0,47.0313,0,48.6637,0,49.6314,0,50.2633,0,51.6819,0,53.104,0,54.5279,0,54.473,0,54.0281,0,53.5824,0,53.136,0,53.1179,0,53.0999,0,53.0819,0,53.0639,0,53.046,0,53.0281,0,52.9043,0,53.6228,0,54.3418,0,55.061,0,55.7803,0,56.4985,0,57.2114,0,57.9238
0,51.6554,0,50.4705,0,49.2831,0,48.0941,0,46.9046,0,43.4899,0,39.8981,0,40.7527,0,42.3848,0,44.0207,0,45.6576,0,47.2929,0,48.8674,0,49.5002,0,50.1323,0,51.5507,0,52.9728,0,54.3969,0,55.759,0,55.3157,0,54.8715,0,54.4263,0,54.4071,0,54.388,0,54.3688,0,54.3498,0,54.3307,0,54.1551,0,53.9553,0,54.6748,0,55.3945,0,56.114,0,56.8333,0,57.552,0,58.2699,0,59.5707
0,51.6554,0,50.4705,0,49.2831,0,48.0941,0,46.9046,0,43.2542,0,40.1616,0,41.0156,0,42.648,0,44.2836,0,45.9199,0,47.5542,0,48.7362,0,49.3691,0,50.0012,0,51.4195,0,52.8417,0,54.2659,0,55.6905,0,56.6011,0,56.1588,0,55.7154,0,55.6951,0,55.6748,0,55.6546,0,55.6074,0,55.4078,0,55.208,0,55.0082,0,55.7282,0,56.4481,0,57.1674,0,57.8862,0,58.604,0,59.8505,0,61.36
0,51.6554,0,50.4705,0,49.2831,0,48.0941,0,46.9046,0,43.0183,0,40.4251,0,41.2785,0,42.911,0,44.5464,0,46.1821,0,47.8152,0,48.6051,0,49.238,0,49.8702,0,51.2883,0,52.7104,0,54.1348,0,55.5597,0,56.9834,0,57.443,0,57.0018,0,56.9804,0,56.9591,0,56.8606,0,56.6611,0,56.4616,0,56.262,0,56.0623,0,56.7823,0,57.5018,0,58.2206,0,58.9383,0,60.1302,0,61.6399,0,63.1556
0,51.6554,0,50.4705,0,49.2831,0,48.0941,0,46.9046,0,42.7824,0,40.6886,0,41.5413,0,43.174,0,44.8091,0,46.444,0,47.8404,0,48.474,0,49.1069,0,49.7392,0,51.1571,0,52.5792,0,54.0037,0,55.4289,0,56.853,0,58.2742,0,58.2844,0,58.2619,0,58.113,0,57.914,0,57.7149,0,57.5157,0,57.3163,0,57.1169,0,57.8364,0,58.5551,0,59.2727,0,60.4097,0,61.9196,0,63.435,0,64.9541
0,51.6554,0,50.4705,0,49.2831,0,48.0941,0,46.9046,0,42.5464,0,40.9521,0,41.8041,0,43.4368,0,45.0715,0,46.7056,0,47.7093,0,48.3428,0,48.9759,0,49.6082,0,51.0259,0,52.4479,0,53.8725,0,55.298,0,56.7225,0,58.1444,0,59.5618,0,59.3636,0,59.1652,0,58.9667,0,58.768,0,58.5692,0,58.3702,0,58.1711,0,58.8897,0,59.6071,0,60.6891,0,62.199,0,63.7142,0,65.2325,0,66.7518
0,51.6554,0,50.4705,0,49.2831,0,48.0941,0,46.9046,0,42.3103,0,41.2156,0,42.0669,0,43.6996,0,45.3338,0,46.9442,0,47.5782,0,48.2117,0,48.8448,0,49.4772,0,50.8946,0,52.3166,0,53.7413,0,55.1671,0,56.592,0,58.2442,0,60.1061,0,60.1051,0,60.1041,0,60.0178,0,59.8197,0,59.6214,0,59.423,0,59.2244,0,59.9416,0,60.9683,0,62.4782,0,63.993,0,65.5105,0,67.0287,0,68.5454
0,51.6554,0,50.4705,0,49.2831,0,48.0941,0,46.7231,0,42.0742,0,41.4791,0,42.3295,0,43.9622,0,45.5959,0,46.8132,0,47.4471,0,48.0806,0,48.7137,0,49.3462,0,50.7634,0,52.1853,0,53.6101,0,55.0509,0,56.9211,0,58.7891,0,60.6507,0,60.6497,0,60.6487,0,60.6476,0,60.6466,0,60.6456,0,60.474,0,60.2761,0,61.2474,0,62.7572,0,64.2715,0,65.7882,0,67.3051,0,68.8201,0,70.3312
0,51.6554,0,50.4705,0,49.2831,0,48.0941,0,46.489,0,41.838,0,41.7425,0,42.5922,0,44.2246,0,45.8578,0,46.6822,0,47.316,0,47.9496,0,48.5827,0,49.2151,0,50.6321,0,52.0539,0,53.7225,0,55.5941,0,57.4661,0,59.3346,0,61.1957,0,61.1946,0,61.1935,0,61.1924,0,61.1913,0,61.1902,0,61.1891,0,61.2088,0,62.2529,0,63.6502,0,65.0502,0,66.4513,0,67.8518,0,69.2502,0,70.6446
0,51.6554,0,50.4705,0,49.2831,0,48.0941,0,46.2546,0,41.6017,0,42.0059,0,42.8547,0,44.4869,0,45.9174,0,46.5512,0,47.185,0,47.8185,0,48.4516,0,49.0841,0,50.5301,0,52.3936,0,54.2644,0,56.1385,0,58.0119,0,59.8807,0,61.7408,0,61.7396,0,61.7385,0,61.7373,0,61.7361,0,61.735,0,61.7517,0,61.83,0,61.9658,0,62.988,0,64.3861,0,65.7861,0,67.1864,0,68.5853,0,69.981
0,51.6554,0,50.4705,0,49.2831,0,48.0941,0,46.02,0,41.4165,0,42.2692,0,43.1172,0,44.7491,0,45.7865,0,46.4203,0,47.054,0,47.6875,0,48.3206,0,49.6325,0,51.0655,0,52.9335,0,54.8077,0,56.684,0,58.5585,0,60.4272,0,62.2861,0,62.2848,0,62.2836,0,62.2823,0,62.2811,0,62.2948,0,62.3732,0,62.4516,0,62.5875,0,62.7235,0,63.7232,0,65.1218,0,66.5214,0,67.9204,0,69.317
0,51.6554,0,50.4705,0,49.2831,0,48.0941,0,45.7852,0,41.6806,0,42.5325,0,43.3795,0,45.0111,0,45.6557,0,46.2894,0,46.923,0,48.0035,0,49.6377,0,51.2801,0,52.2912,0,53.4751,0,55.3524,0,57.2306,0,59.1058,0,60.974,0,62.8313,0,62.83,0,62.8287,0,62.8274,0,62.838,0,62.9165,0,62.995,0,63.0735,0,63.2095,0,63.3455,0,63.4815,0,64.4583,0,65.8569,0,67.2557,0,68.6529
0,51.6554,0,50.4705,0,49.2831,0,48.0941,0,45.5503,0,41.9446,0,42.7957,0,43.6417,0,44.8916,0,45.525,0,46.3752,0,48.0037,0,49.643,0,51.2905,0,52.9433,0,53.9585,0,54.9726,0,55.9852,0,57.7781,0,59.6537,0,61.5211,0,63.3765,0,63.3751,0,63.3737,0,63.3813,0,63.4598,0,63.5383,0,63.6169,0,63.6955,0,63.8315,0,63.9675,0,64.1035,0,64.2396,0,65.1932,0,66.5913,0,67.9887
0,51.6554,0,50.4705,0,49.2831,0,48.0941,0,45.3152,0,42.2086,0,43.0587,0,43.9039,0,44.761,0,46.3704,0,48.004,0,49.6483,0,51.3009,0,52.959,0,54.6197,0,55.6372,0,56.6526,0,57.6653,0,58.6748,0,60.202,0,62.0683,0,63.9214,0,63.92,0,63.9245,0,64.0031,0,64.0816,0,64.1602,0,64.2388,0,64.3174,0,64.4534,0,64.5894,0,64.7254,0,64.8614,0,64.9974,0,65.9276,0,67.3247
0,51.6554,0,50.4705,0,49.2831,0,48.0941,0,45.0799,0,42.4725,0,43.3217,0,44.1799,0,46.3655,0,48.0042,0,49.6537,0,51.3114,0,52.9747,0,54.6406,0,56.3065,0,57.3245,0,58.3394,0,59.3506,0,60.3574,0,61.3594,0,62.6156,0,64.4661,0,64.4675,0,64.5461,0,64.6247,0,64.7033,0,64.782,0,64.8606,0,64.9392,0,65.0752,0,65.2111,0,65.3471,0,65.483,0,65.6189,0,65.7548,0,66.6611
0,51.6554,0,50.4705,0,49.2831,0,48.0941,0,44.8444,0,42.7363,0,43.5846,0,44.4749,0,47.9832,0,49.6591,0,51.322,0,52.9905,0,54.6617,0,56.3327,0,58.0007,0,59.0175,0,60.0302,0,61.038,0,62.0405,0,63.0371,0,64.0272,0,65.0103,0,65.0889,0,65.1675,0,65.2461,0,65.3248,0,65.4034,0,65.4821,0,65.5607,0,65.6966,0,65.8325,0,65.9683,0,66.1041,0,66.1829,0,65.9081,0,65.6331
0,51.6554,0,50.4705,0,49.2831,0,48.0941,0,44.6088,0,43,0,43.8474,0,44.77,0,48.283,0,51.3327,0,53.0064,0,54.6828,0,56.3591,0,58.0323,0,59.6996,0,60.7134,0,61.722,0,62.7247,0,63.7212,0,64.7107,0,65.6928,0,65.2604,0,65.3872,0,65.514,0,65.6408,0,65.7676,0,65.8944,0,66.0212,0,66.0947,0,65.7072,0,65.432,0,65.1566,0,64.8809,0,64.6051,0,64.329,0,64.0527
0,51.6554,0,50.4705,0,49.2831,0,48.0941,0,44.373,0,43.2637,0,44.11,0,45.0653,0,48.5827,0,52.1841,0,54.7041,0,56.3856,0,58.064,0,59.7364,0,61.4001,0,62.409,0,63.4118,0,64.4078,0,65.3964,0,66.3773,0,66.2377,0,65.5105,0,65.6374,0,65.7642,0,65.891,0,66.0178,0,66.1446,0,66.2714,0,65.7583,0,64.4379,0,63.8511,0,63.5746,0,63.2979,0,63.021,0,62.7441,0,62.467
0,51.6554,0,50.4705,0,49.2831,0,48.0941,0,44.1371,0,43.5272,0,44.3725,0,45.3607,0,48.8824,0,52.4858,0,56.1444,0,58.0959,0,59.7734,0,61.4421,0,63.0991,0,64.1016,0,65.0968,0,66.0843,0,67.0636,0,67.2164,0,66.4881,0,65.7607,0,65.8875,0,66.0143,0,66.1411,0,66.2679,0,66.3947,0,66.0569,0,65.4219,0,64.1007,0,62.7747,0,61.9879,0,61.7106,0,61.4332,0,61.1558,0,60.8783
0,51.6554,0,50.4705,0,49.2831,0,48.0941,0,43.9011,0,43.7906,0,44.6348,0,45.6562,0,49.1821,0,52.7873,0,56.4453,0,59.8107,0,61.4844,0,63.1463,0,64.7939,0,65.788,0,66.7741,0,67.7515,0,68.196,0,67.4669,0,66.7384,0,66.0109,0,66.1377,0,66.2645,0,66.3913,0,66.5181,0,66.3555,0,65.7205,0,65.0854,0,63.7636,0,62.4373,0,61.1079,0,60.1216,0,59.8441,0,59.5666,0,59.2892
0,51.6554,0,50.4705,0,49.2831,0,48.0941,0,43.665,0,44.0539,0,44.897,0,45.9519,0,49.4817,0,53.0886,0,56.7457,0,60.4241,0,63.1938,0,64.8461,0,66.4813,0,67.4656,0,68.4408,0,69.176,0,68.4465,0,67.7173,0,66.9888,0,66.2611,0,66.3879,0,66.5147,0,66.6415,0,66.654,0,66.0191,0,65.384,0,64.7489,0,63.4265,0,62.1,0,60.7707,0,59.4402,0,58.2561,0,57.979,0,57.702
0,51.6554,0,50.4705,0,49.2831,0,48.075,0,43.4696,0,44.3171,0,45.1617,0,46.2477,0,49.7812,0,53.3895,0,57.0457,0,60.7206,0,64.3842,0,66.5384,0,68.1586,0,69.1314,0,70.0943,0,69.4262,0,68.6968,0,67.9677,0,67.2391,0,66.5112,0,66.638,0,66.7648,0,66.8916,0,66.3177,0,65.6826,0,65.0475,0,64.4124,0,63.0895,0,61.7629,0,60.4339,0,59.104,0,57.7746,0,56.4471,0,56.1192
0,51.6554,0,50.4705,0,49.2831,0,47.8416,0,43.7336,0,44.5801,0,45.4572,0,46.5436,0,50.0806,0,53.6901,0,57.3451,0,61.0164,0,64.6739,0,68.2204,0,69.8229,0,70.7828,0,70.4056,0,69.6763,0,68.947,0,68.218,0,67.4894,0,66.7614,0,66.8882,0,67.015,0,66.6163,0,65.9812,0,65.3461,0,64.7109,0,64.0759,0,62.7526,0,61.426,0,60.0973,0,58.7681,0,57.4398,0,56.1138,0,55.1562
0,51.6554,0,50.4705,0,49.2831,0,47.6079,0,43.9976,0,44.8429,0,45.7528,0,46.8395,0,50.3799,0,53.9904,0,57.644,0,61.3114,0,64.9627,0,68.5688,0,71.4718,0,71.384,0,70.6553,0,69.9263,0,69.1972,0,68.4682,0,67.7396,0,67.0116,0,67.1383,0,66.9148,0,66.2799,0,65.6447,0,65.0095,0,64.3743,0,63.7395,0,62.4159,0,61.0893,0,59.7611,0,58.8335,0,58.1064,0,57.3793,0,56.6526
0,51.6554,0,50.4705,0,49.2831,0,47.374,0,44.2614,0,45.1055,0,46.0485,0,47.1355,0,50.679,0,54.2904,0,57.9424,0,61.6058,0,65.2506,0,68.8482,0,72.2967,0,71.7722,0,70.948,0,70.1761,0,69.4472,0,68.7184,0,67.9898,0,67.2617,0,67.2133,0,66.5785,0,65.9434,0,65.3081,0,64.6729,0,64.0378,0,63.4031,0,62.5132,0,61.7887,0,61.063,0,60.3364,0,59.6092,0,58.8816,0,58.1538
0,51.6554,0,50.4705,0,49.2831,0,47.1398,0,44.525,0,45.368,0,46.3443,0,47.4315,0,50.978,0,54.59,0,58.2403,0,61.8994,0,65.5377,0,69.1265,0,72.4263,0,72.4575,0,71.6337,0,70.8092,0,69.9845,0,69.1598,0,68.3354,0,67.5118,0,67.0898,0,66.6674,0,66.2448,0,65.8219,0,65.3989,0,64.9757,0,64.5524,0,63.9691,0,63.2881,0,62.5643,0,61.8392,0,61.113,0,60.3858,0,59.658
0,51.6554,0,50.4705,0,49.2831,0,46.9054,0,44.7885,0,45.6302,0,46.6402,0,47.7276,0,51.2768,0,54.8893,0,58.5375,0,62.1922,0,65.8238,0,69.3631,0,72.5559,0,72.6481,0,72.3192,0,71.4951,0,70.6704,0,69.8455,0,69.0207,0,68.1963,0,68.3916,0,67.9696,0,67.5472,0,67.1244,0,66.7014,0,66.278,0,65.8544,0,65.2687,0,64.6843,0,64.0626,0,63.3398,0,62.6155,0,61.8899,0,61.163
0,51.6554,0,50.4705,0,49.2831,0,46.6708,0,45.0518,0,45.8923,0,46.9362,0,48.0237,0,51.5754,0,55.1882,0,58.8342,0,62.4843,0,66.109,0,69.4935,0,72.6856,0,72.7778,0,72.87,0,72.1808,0,71.3564,0,70.5315,0,69.7065,0,68.8815,0,69.1011,0,69.2726,0,68.8509,0,68.4286,0,68.0059,0,67.5828,0,67.1593,0,66.5719,0,65.9855,0,65.4001,0,64.8159,0,64.1149,0,63.3916,0,62.6668
0,51.6554,0,50.4705,0,49.2831,0,46.436,0,45.3149,0,46.1541,0,47.2322,0,48.3197,0,51.8739,0,55.4866,0,59.1303,0,62.7756,0,66.3906,0,69.6239,0,72.8152,0,72.9074,0,72.9997,0,72.8661,0,72.0423,0,71.2177,0,70.3926,0,69.5674,0,69.787,0,70.0067,0,70.1543,0,69.7331,0,69.3112,0,68.8887,0,68.4658,0,67.8773,0,67.2895,0,66.7025,0,66.1164,0,65.5313,0,64.8891,0,64.1673
0,51.6554,0,50.4705,0,49.2831,0,46.2009,0,45.5779,0,46.4409,0,47.5282,0,48.6157,0,52.1721,0,55.7847,0,59.4258,0,63.0661,0,66.5211,0,69.7544,0,72.9448,0,73.0371,0,73.1293,0,73.2216,0,72.7279,0,71.9038,0,71.0789,0,70.2536,0,70.4733,0,70.693,0,70.9127,0,71.0364,0,70.6158,0,70.1945,0,69.7725,0,69.1835,0,68.595,0,68.007,0,67.4195,0,66.8329,0,66.2471,0,65.6624
0,51.6554,0,50.4705,0,49.2831,0,45.9657,0,45.8406,0,46.7368,0,47.8243,0,48.9117,0,52.47,0,56.0823,0,59.7206,0,63.3558,0,66.6516,0,69.8849,0,73.0745,0,73.1667,0,73.259,0,73.3512,0,73.4129,0,72.5896,0,71.7652,0,70.9401,0,71.1598,0,71.3794,0,71.5991,0,71.8187,0,71.9185,0,71.4987,0,71.0781,0,70.4893,0,69.9006,0,69.3121,0,68.724,0,68.1488,0,67.6504,0,67.1521
0,51.6554,0,50.4705,0,49.2831,0,45.7303,0,46.1031,0,47.0328,0,48.1203,0,49.2076,0,52.7678,0,56.3795,0,60.0148,0,63.5244,0,66.7822,0,70.0154,0,73.2041,0,73.2963,0,73.3886,0,73.4808,0,73.5731,0,73.2749,0,72.4512,0,71.6265,0,71.8461,0,72.0657,0,72.2852,0,72.5047,0,72.7241,0,72.8,0,72.3813,0,71.7932,0,71.205,0,70.6417,0,70.1434,0,69.6449,0,69.1461,0,68.6471
0,51.6554,0,50.4705,0,49.2831,0,45.5252,0,46.3654,0,47.3288,0,48.4164,0,49.5035,0,53.0652,0,56.6762,0,60.3084,0,63.6544,0,66.9129,0,70.146,0,73.3337,0,73.426,0,73.5182,0,73.6105,0,73.7027,0,73.795,0,73.1368,0,72.3127,0,72.5322,0,72.7517,0,72.971,0,73.1903,0,73.4095,0,73.6286,0,73.6807,0,73.1319,0,72.6356,0,72.1386,0,71.641,0,71.1429,0,70.6443,0,70.1454
0,51.6554,0,50.4705,0,49.2831,0,45.7886,0,46.6274,0,47.6249,0,48.7124,0,49.7993,0,53.3624,0,56.9724,0,60.5198,0,63.7844,0,67.0436,0,70.2766,0,73.4634,0,73.5556,0,73.6479,0,73.7401,0,73.8324,0,73.9246,0,73.8217,0,72.9986,0,73.2179,0,73.4371,0,73.6562,0,73.8752,0,74.0941,0,74.3208,0,74.5488,0,74.4937,0,74.1293,0,73.6339,0,73.1377,0,72.6408,0,72.1431,0,71.6449
0,51.6554,0,50.4705,0,49.2831,0,46.0518,0,46.8892,0,47.9209,0,49.0083,0,50.0949,0,53.6593,0,57.2682,0,60.6485,0,63.9146,0,67.1744,0,70.4072,0,73.593,0,73.6853,0,73.7775,0,73.8697,0,73.962,0,74.0542,0,74.1465,0,73.6838,0,73.9029,0,74.1218,0,74.3446,0,74.5726,0,74.8006,0,75.0288,0,75.2571,0,75.2018,0,75.1465,0,75.0913,0,74.6316,0,74.1365,0,73.6404,0,73.1436
0,51.6554,0,50.4705,0,49.2831,0,46.3147,0,47.1507,0,48.217,0,49.3043,0,50.3905,0,53.9558,0,57.5237,0,60.7772,0,64.0448,0,67.3053,0,70.5379,0,73.7226,0,73.8149,0,73.9071,0,73.9994,0,74.0916,0,74.1838,0,74.2761,0,74.3683,0,74.5963,0,74.8243,0,75.0525,0,75.2807,0,75.509,0,75.7374,0,75.9658,0,75.9103,0,75.8549,0,75.7995,0,75.7441,0,75.628,0,75.1342,0,74.6394
0,51.6554,0,50.4705,0,49.1929,0,46.5775,0,47.4255,0,48.513,0,49.6001,0,50.6859,0,54.2521,0,57.6503,0,60.9061,0,64.1751,0,67.4362,0,70.6685,0,73.8523,0,73.9445,0,74.0367,0,74.129,0,74.2226,0,74.356,0,74.4894,0,74.6228,0,75.2042,0,75.5326,0,75.761,0,75.9894,0,76.2178,0,76.4463,0,76.6748,0,76.6192,0,76.5637,0,76.5081,0,76.4526,0,76.3971,0,76.3416,0,76.1303
0,51.6554,0,50.4705,0,48.9602,0,46.8399,0,47.7215,0,48.809,0,49.8958,0,50.9811,0,54.548,0,57.7771,0,61.0351,0,64.3055,0,67.5672,0,70.7993,0,73.9819,0,74.0769,0,74.2102,0,74.3436,0,74.477,0,74.6104,0,74.7438,0,74.8772,0,75.4588,0,76.0409,0,76.4698,0,76.6983,0,76.9269,0,77.1554,0,77.3839,0,77.3282,0,77.2725,0,77.2169,0,77.1612,0,77.1056,0,76.9431,0,76.5499
0,51.6554,0,50.4705,0,48.7271,0,47.1021,0,48.0176,0,49.105,0,50.1914,0,51.2762,0,54.6762,0,57.904,0,61.1642,0,64.436,0,67.6265,0,70.6996,0,73.726,0,74.3313,0,74.4647,0,74.5981,0,74.7315,0,74.8649,0,74.9983,0,75.1318,0,75.7135,0,76.2956,0,76.8779,0,77.4074,0,77.6359,0,77.8644,0,78.0929,0,78.0371,0,77.9813,0,77.9255,0,77.8697,0,77.4892,0,77.0958,0,76.7025
0,51.6554,0,50.4705,0,48.4938,0,47.3641,0,48.3137,0,49.4009,0,50.487,0,51.5712,0,54.8003,0,57.8774,0,60.9797,0,64.0911,0,67.1932,0,70.268,0,73.2987,0,74.1813,0,74.7192,0,74.8526,0,74.986,0,75.1195,0,75.2529,0,75.3863,0,75.9681,0,76.5503,0,77.1326,0,77.7151,0,78.2975,0,78.5731,0,78.8015,0,78.7456,0,78.6897,0,78.4289,0,78.0354,0,77.6419,0,77.2484,0,76.8551
0,51.6554,0,50.4705,0,48.2602,0,47.6257,0,48.6097,0,49.6967,0,50.7823,0,51.9639,0,54.3886,0,57.4554,0,60.5516,0,63.6593,0,66.7603,0,69.8366,0,72.871,0,73.754,0,74.6368,0,75.1071,0,75.2406,0,75.374,0,75.5074,0,75.6409,0,76.2228,0,76.8049,0,77.3872,0,77.9696,0,78.5519,0,79.134,0,79.5096,0,79.3685,0,78.9751,0,78.5816,0,78.188,0,77.7945,0,77.4011,0,77.0077
0,51.6554,0,50.4705,0,48.0264,0,47.8871,0,48.9057,0,49.9924,0,51.0775,0,52.3965,0,53.9928,0,57.035,0,60.1247,0,63.2284,0,66.3279,0,69.4053,0,72.4432,0,73.3265,0,74.2096,0,75.0922,0,75.4952,0,75.6286,0,75.762,0,75.8954,0,76.4774,0,77.0595,0,77.6418,0,78.2241,0,78.8062,0,79.3881,0,80.0439,0,79.5506,0,79.1276,0,78.7342,0,78.3407,0,77.9472,0,77.5537,0,77.1604
0,51.6554,0,50.4705,0,47.7923,0,48.1481,0,49.2016,0,50.288,0,51.3726,0,52.83,0,54.4291,0,56.6161,0,59.6991,0,62.7984,0,65.8961,0,68.9742,0,72.0152,0,72.8986,0,73.7821,0,74.6652,0,75.5477,0,75.8831,0,76.0166,0,76.15,0,76.7319,0,77.3141,0,77.8963,0,78.4784,0,79.0938,0,79.7639,0,80.4339,0,79.9406,0,79.4472,0,78.9539,0,78.4933,0,78.0998,0,77.7064,0,77.313
0,51.6554,0,50.4705,0,47.5782,0,48.4103,0,49.4975,0,50.5834,0,51.673,0,53.2643,0,54.866,0,56.4755,0,59.2747,0,62.3694,0,65.4649,0,68.5433,0,71.5871,0,72.4705,0,73.3543,0,74.2379,0,75.1209,0,76.0031,0,76.2711,0,76.4045,0,76.9865,0,77.5685,0,78.1506,0,78.8136,0,79.4838,0,80.154,0,80.8241,0,80.3308,0,79.8373,0,79.3438,0,78.8504,0,78.3571,0,77.8639,0,77.4656
0,51.6554,0,50.4705,0,47.8403,0,48.7063,0,49.7932,0,50.8787,0,52.105,0,53.6994,0,55.3035,0,56.9147,0,58.8516,0,61.9413,0,65.0343,0,68.1127,0,71.159,0,72.0423,0,72.9262,0,73.8101,0,74.6938,0,75.5766,0,76.4583,0,76.659,0,77.2409,0,77.8633,0,78.5333,0,79.2036,0,79.874,0,80.5443,0,81.2143,0,80.721,0,80.2275,0,79.734,0,79.2404,0,78.7468,0,78.2534,0,76.7284
0,51.6554,0,50.4705,0,48.102,0,49.0023,0,50.0889,0,51.1739,0,52.538,0,54.1352,0,55.7415,0,57.3543,0,58.9711,0,61.5142,0,64.6043,0,67.6824,0,70.7308,0,71.614,0,72.4979,0,73.3821,0,74.2662,0,75.1497,0,76.0323,0,76.9134,0,77.5829,0,78.2529,0,78.9233,0,79.5938,0,80.2643,0,80.9346,0,81.6045,0,81.1113,0,80.6178,0,80.1242,0,79.6306,0,78.9585,0,77.1777,0,75.3948
0,51.6554,0,50.4705,0,48.3634,0,49.2982,0,50.3844,0,51.4689,0,52.9717,0,54.5717,0,56.18,0,57.7941,0,59.4116,0,61.0882,0,64.1751,0,67.2525,0,70.3027,0,71.1856,0,72.0695,0,72.9538,0,73.8382,0,74.7223,0,75.6096,0,76.5198,0,77.5961,0,78.6429,0,79.3135,0,79.9842,0,80.6547,0,81.325,0,81.9947,0,81.5016,0,81.0082,0,80.5147,0,79.4101,0,77.6281,0,75.843,0,74.0582
0,51.6554,0,50.4705,0,48.6245,0,49.594,0,50.6799,0,51.814,0,53.4063,0,55.0088,0,56.6189,0,58.2342,0,59.8521,0,61.47,0,63.7467,0,66.823,0,69.8747,0,70.7572,0,71.6409,0,72.5253,0,73.41,0,74.3026,0,75.2152,0,76.1261,0,77.2023,0,78.2798,0,79.3579,0,80.3747,0,81.0452,0,81.7154,0,82.3849,0,81.892,0,81.3987,0,79.8626,0,78.0795,0,76.2924,0,74.5048,0,72.7202
0,51.6554,0,50.4705,0,48.8853,0,49.8898,0,50.9751,0,52.2463,0,53.8416,0,55.4464,0,57.0582,0,58.6745,0,60.2926,0,61.9102,0,63.5244,0,66.394,0,69.4468,0,70.3289,0,71.2123,0,72.0966,0,72.9938,0,73.9079,0,74.8209,0,75.7322,0,76.8083,0,77.886,0,78.9645,0,80.043,0,81.1207,0,82.1057,0,82.775,0,82.0916,0,80.3159,0,78.5318,0,76.743,0,74.9528,0,73.1647,0,71.3822
0,51.6554,0,50.4705,0,49.1458,0,50.1854,0,51.2702,0,52.6795,0,54.2777,0,55.8846,0,57.4979,0,59.1149,0,60.7331,0,62.35,0,63.963,0,65.9656,0,69.019,0,69.9006,0,70.7837,0,71.6846,0,72.5992,0,73.5134,0,74.4265,0,75.3383,0,76.4141,0,77.4919,0,78.5706,0,79.6498,0,80.7284,0,81.8059,0,82.3708,0,80.7298,0,78.9851,0,77.1947,0,75.4021,0,73.6107,0,71.8241,0,70.0456
0,51.6554,0,50.4705,0,49.4058,0,50.4809,0,51.5651,0,53.1136,0,54.7143,0,56.3233,0,57.9378,0,59.5554,0,61.1735,0,62.7896,0,64.401,0,66.0054,0,68.5915,0,69.4724,0,70.3763,0,71.2905,0,72.2049,0,73.119,0,74.0322,0,74.9443,0,76.0198,0,77.0975,0,78.1765,0,79.2561,0,80.3355,0,80.7729,0,80.5684,0,78.9181,0,77.2619,0,75.6027,0,73.9432,0,72.2677,0,70.4844,0,68.712
0,51.6554,0,50.3098,0,49.6906,0,50.7763,0,51.955,0,53.5484,0,55.1516,0,56.7623,0,58.3779,0,59.996,0,61.6138,0,63.2288,0,64.8386,0,66.4405,0,68.1643,0,69.0703,0,69.9832,0,70.8968,0,71.8109,0,72.7247,0,73.638,0,74.5503,0,75.6254,0,76.7029,0,77.782,0,78.862,0,79.1703,0,78.9635,0,78.7561,0,77.0997,0,75.4405,0,73.7813,0,72.1248,0,70.4738,0,68.831,0,67.6244
0,51.6554,0,50.0779,0,49.9863,0,51.0715,0,52.3877,0,53.9839,0,55.5895,0,57.2017,0,58.8183,0,60.4365,0,62.0538,0,63.6677,0,65.2755,0,66.8749,0,68.2116,0,68.8344,0,69.5906,0,70.5035,0,71.4171,0,72.3307,0,73.244,0,74.1564,0,75.2309,0,76.3082,0,77.3873,0,77.5654,0,77.3566,0,77.1473,0,76.9375,0,75.2784,0,73.6194,0,71.9635,0,70.3134,0,68.6717,0,67.5849,0,66.9006
0,51.6554,0,49.8458,0,50.2819,0,51.3665,0,52.8212,0,54.4202,0,56.0278,0,57.6415,0,59.2587,0,60.877,0,62.4936,0,64.1061,0,65.7119,0,65.6177,0,68.3451,0,68.9679,0,69.5912,0,70.2148,0,71.0237,0,71.9369,0,72.85,0,73.7625,0,74.8364,0,75.9133,0,75.9609,0,75.7504,0,75.5394,0,75.3281,0,75.1162,0,73.4577,0,71.8024,0,70.1531,0,68.5126,0,67.5454,0,66.861,0,66.1762
0,51.6554,0,49.6233,0,50.5774,0,51.6642,0,53.2555,0,54.8571,0,56.4666,0,58.0815,0,59.6993,0,61.3173,0,62.9331,0,64.544,0,64.4265,0,65.5304,0,68.4786,0,69.1015,0,69.7248,0,70.3484,0,70.972,0,71.5956,0,72.4563,0,73.3687,0,74.4419,0,74.3591,0,74.1473,0,73.935,0,73.7224,0,73.5094,0,73.296,0,71.6413,0,69.993,0,68.3536,0,67.5059,0,66.8214,0,66.1366,0,65.4516
0,51.6554,0,49.8833,0,50.8727,0,52.0962,0,53.6905,0,55.2945,0,56.9058,0,58.5217,0,60.1398,0,61.7575,0,63.3722,0,63.2313,0,62.8703,0,65.6646,0,68.6121,0,69.2351,0,69.8584,0,70.4819,0,71.1055,0,71.729,0,72.3523,0,72.9751,0,72.7627,0,72.5498,0,72.3366,0,72.1231,0,71.9092,0,71.6949,0,71.4803,0,69.8329,0,68.1947,0,67.4664,0,66.7819,0,66.097,0,65.4119,0,64.7269
0,51.6554,0,50.143,0,51.1679,0,52.5291,0,54.1263,0,55.7325,0,57.3453,0,58.9621,0,60.5803,0,62.1975,0,62.0332,0,61.6702,0,62.8183,0,65.7988,0,68.7456,0,69.3686,0,69.992,0,70.6155,0,71.239,0,71.8624,0,72.4856,0,72.956,0,72.2797,0,71.6029,0,70.9259,0,70.3181,0,70.1033,0,69.8883,0,69.673,0,68.1109,0,67.4269,0,66.7423,0,66.0574,0,65.3723,0,64.6872,0,64.0024
0,51.6554,0,50.4023,0,51.4628,0,52.9629,0,54.5628,0,56.171,0,57.7851,0,59.4026,0,61.0208,0,60.8331,0,60.4685,0,60.1031,0,62.9526,0,65.933,0,68.8791,0,69.5022,0,70.1255,0,70.749,0,71.3725,0,71.9958,0,72.5318,0,72.9369,0,72.2606,0,71.5838,0,70.9067,0,70.2296,0,69.5525,0,68.8757,0,68.1811,0,67.4124,0,66.7027,0,66.0177,0,65.3326,0,64.6475,0,63.9627,0,63.2783
0,51.6554,0,50.6738,0,51.8052,0,53.3974,0,54.9999,0,56.6099,0,58.2252,0,59.8431,0,59.6322,0,59.2663,0,58.8996,0,60.0871,0,63.0869,0,66.0673,0,69.0126,0,69.6357,0,70.2591,0,70.8825,0,71.5059,0,72.1074,0,72.5127,0,72.9178,0,72.2415,0,71.5647,0,70.8876,0,70.2105,0,69.5334,0,68.8554,0,68.0615,0,67.2927,0,66.5233,0,65.7535,0,64.9835,0,64.2137,0,63.4443,0,62.7811
0,51.6554,0,50.9691,0,52.2375,0,53.8328,0,55.4375,0,57.0492,0,58.6655,0,58.4315,0,58.0645,0,57.697,0,57.3288,0,60.2208,0,63.2213,0,66.2017,0,69.1461,0,69.7692,0,70.3926,0,71.016,0,71.6394,0,72.0883,0,72.4935,0,72.8987,0,72.2224,0,71.5456,0,70.8685,0,70.1914,0,69.5143,0,68.7357,0,67.9418,0,67.173,0,66.4036,0,65.6338,0,64.8639,0,64.0942,0,63.4154,0,63.1895
0,51.6554,0,51.2642,0,52.6707,0,54.2688,0,55.8757,0,57.4889,0,57.232,0,56.8644,0,56.4962,0,56.1275,0,57.349,0,60.3547,0,63.3558,0,66.336,0,69.2796,0,69.9028,0,70.5261,0,71.1495,0,71.6638,0,72.0692,0,72.4744,0,72.8796,0,72.2033,0,71.5265,0,70.8494,0,70.1723,0,69.4103,0,68.616,0,67.8222,0,67.0533,0,66.2838,0,65.5141,0,64.7443,0,64.0501,0,63.8241,0,63.5981
0,51.6554,0,51.5591,0,53.1047,0,54.7054,0,56.3143,0,56.0348,0,55.6668,0,55.2984,0,54.9295,0,54.5603,0,57.4816,0,60.4887,0,63.4904,0,66.4704,0,69.4132,0,70.0363,0,70.6596,0,71.2393,0,71.6447,0,72.0501,0,72.4553,0,72.8605,0,72.1842,0,71.5074,0,70.8303,0,70.0853,0,69.2906,0,68.4963,0,67.7025,0,66.9336,0,66.1641,0,65.3944,0,64.6851,0,64.4589,0,64.2327,0,64.0066
0,51.6554,0,51.9462,0,53.5395,0,55.1427,0,54.8409,0,54.4729,0,54.1045,0,53.7358,0,53.3669,0,54.6166,0,57.6144,0,60.6227,0,63.625,0,66.6048,0,69.5467,0,70.1698,0,70.7931,0,71.2202,0,71.6256,0,72.0309,0,72.4362,0,72.8414,0,72.165,0,71.4882,0,70.7603,0,69.9656,0,69.1709,0,68.3766,0,67.5829,0,66.8139,0,66.0445,0,65.3201,0,65.0938,0,64.8675,0,64.6414,0,64.4152
0,51.6554,0,52.3788,0,53.9751,0,53.6513,0,53.2836,0,52.9156,0,52.5474,0,52.1791,0,51.8106,0,54.7475,0,57.7473,0,60.7569,0,63.7596,0,66.7392,0,69.6802,0,70.3033,0,70.7958,0,71.2011,0,71.6065,0,72.0118,0,72.4171,0,72.8223,0,72.1459,0,71.4352,0,70.6407,0,69.8459,0,69.0512,0,68.2569,0,67.4632,0,66.6942,0,65.955,0,65.7287,0,65.5024,0,65.2762,0,65.0499,0,64.8238
0,51.6554,0,52.8123,0,52.4671,0,52.1,0,51.7327,0,51.3653,0,50.9978,0,50.6303,0,51.9021,0,54.8785,0,57.8803,0,60.8911,0,63.8943,0,66.8737,0,69.8137,0,70.3714,0,70.7767,0,71.182,0,71.5874,0,71.9927,0,72.398,0,72.8032,0,72.1099,0,71.3157,0,70.5211,0,69.7262,0,68.9315,0,68.1372,0,67.3435,0,66.5896,0,66.3634,0,66.1371,0,65.9109,0,65.6847,0,65.4584,0,65.2323
