First line is descriptive text that is ignored by the preparation tool,,,,,,,,,,,,,,,,,,,,,,,,,,,,,,,,,,,,,,,,,,,,,,,,,,,,,,,,,,,,,,,,,,,,,,,
FirstTheta,0,,,,,,,,,,,,,,,,,,,,,,,,,,,,,,,,,,,,,,,,,,,,,,,,,,,,,,,,,,,,,,,,,,,,,,
DeltaTheta,2,,,,,,,,,,,,,,,,,,,,,,,,,,,,,,,,,,,,,,,,,,,,,,,,,,,,,,,,,,,,,,,,,,,,,,
NumTheta,36,,,,,,,,,,,,,,,,,,,,,,,,,,,,,,,,,,,,,,,,,,,,,,,,,,,,,,,,,,,,,,,,,,,,,,
FirstPhi,0,,,,,,,,,,,,,,,,,,,,,,,,,,,,,,,,,,,,,,,,,,,,,,,,,,,,,,,,,,,,,,,,,,,,,,
DeltaPhi,2,,,,,,,,,,,,,,,,,,,,,,,,,,,,,,,,,,,,,,,,,,,,,,,,,,,,,,,,,,,,,,,,,,,,,,
NumPhi,180,,,,,,,,,,,,,,,,,,,,,,,,,,,,,,,,,,,,,,,,,,,,,,,,,,,,,,,,,,,,,,,,,,,,,,
Frequency,29500,,,,,,,,,,,,,,,,,,,,,,,,,,,,,,,,,,,,,,,,,,,,,,,,,,,,,,,,,,,,,,,,,,,,,,
Polarisation,RHCP,,,,,,,,,,,,,,,,,,,,,,,,,,,,,,,,,,,,,,,,,,,,,,,,,,,,,,,,,,,,,,,,,,,,,,
Beam,1,,,,,,,,,,,,,,,,,,,,,,,,,,,,,,,,,,,,,,,,,,,,,,,,,,,,,,,,,,,,,,,,,,,,,,
Temperature,21,,,,,,,,,,,,,,,,,,,,,,,,,,,,,,,,,,,,,,,,,,,,,,,,,,,,,,,,,,,,,,,,,,,,,,
TriLensQR,440-0329-00549,,,,,,,,,,,,,,,,,,,,,,,,,,,,,,,,,,,,,,,,,,,,,,,,,,,,,,,,,,,,,,,,,,,,,,
LensNumber,1,,,,,,,,,,,,,,,,,,,,,,,,,,,,,,,,,,,,,,,,,,,,,,,,,,,,,,,,,,,,,,,,,,,,,,
RawAttenPhase,FALSE,,,,,,,,,,,,,,,,,,,,,,,,,,,,,,,,,,,,,,,,,,,,,,,,,,,,,,,,,,,,,,,,,,,,,,
0,276.7835,0,276.1115,0,275.4391,0,274.7664,0,274.0936,0,273.4209,0,272.7485,0,272.0766,0,273.4538,0,274.835,0,276.2186,0,277.603,0,278.9867,0,280.3679,0,281.7451,0,284.7609,0,287.8202,0,290.9062,0,294.0012,0,297.0872,0,300.1465,0,303.1623,0,305.5149,0,307.8878,0,310.2731,0,312.6626,0,315.0478,0,317.4208,0,319.7734,0,322.3058,0,324.8636,0,327.4369,0,330.0154,0,332.5887,0,335.1465,0,337.6788
0,276.7835,0,278.5054,0,277.8609,0,277.1848,0,276.5078,0,275.8303,0,275.1524,0,274.4743,0,274.8191,0,276.2116,0,277.6049,0,278.9973,0,280.3873,0,281.7732,0,283.1535,0,285.5619,0,288.642,0,291.7444,0,294.8509,0,297.9434,0,301.0041,0,304.0166,0,306.9009,0,309.2973,0,311.7013,0,314.1044,0,316.4983,0,318.8748,0,321.2259,0,323.2352,0,325.8094,0,328.3954,0,330.9827,0,333.5609,0,336.1196,0,338.649
0,276.7835,0,278.1506,0,280.2471,0,279.6318,0,278.9532,0,278.2732,0,277.5922,0,276.9103,0,276.2277,0,277.6067,0,279.0081,0,280.407,0,281.8018,0,283.1907,0,284.5723,0,286.7322,0,289.4719,0,292.5895,0,295.7063,0,298.8039,0,301.8647,0,304.8724,0,307.8594,0,310.7275,0,313.1474,0,315.5614,0,317.9609,0,320.3377,0,322.6842,0,324.6935,0,326.7639,0,329.3612,0,331.956,0,334.5376,0,337.0957,0,339.6207
0,276.7835,0,277.7972,0,279.8869,0,282.0055,0,281.4212,0,280.7413,0,280.0597,0,279.3765,0,278.6918,0,279.0191,0,280.427,0,281.8306,0,283.2284,0,284.6187,0,285.9999,0,288.1795,0,290.3987,0,293.4413,0,296.567,0,299.6684,0,302.7279,0,305.7293,0,308.728,0,311.7947,0,314.6101,0,317.0318,0,319.4337,0,321.8078,0,324.1465,0,326.1685,0,328.2179,0,330.3339,0,332.9347,0,335.5181,0,338.0742,0,340.5933
0,276.7835,0,277.5129,0,279.5281,0,281.6405,0,283.7775,0,283.2258,0,282.5461,0,281.8641,0,281.18,0,280.4939,0,281.8599,0,283.2666,0,284.6657,0,286.0555,0,287.4345,0,289.6311,0,291.8634,0,294.2994,0,297.4327,0,300.5364,0,303.5932,0,306.587,0,309.596,0,312.6683,0,315.7876,0,318.5139,0,320.915,0,323.2831,0,325.6109,0,327.6429,0,329.6988,0,331.7736,0,333.9182,0,336.502,0,339.0545,0,341.5661
0,276.7835,0,277.3687,0,279.1706,0,281.2769,0,283.4085,0,285.5599,0,285.0421,0,284.364,0,283.683,0,282.9994,0,283.3053,0,284.7133,0,286.1118,0,287.4994,0,288.8745,0,291.0854,0,293.3278,0,295.5954,0,298.303,0,301.4077,0,304.4602,0,307.4452,0,310.4631,0,313.5394,0,316.6578,0,319.8003,0,322.4027,0,324.7616,0,327.0755,0,329.1148,0,331.1743,0,333.2489,0,335.3333,0,337.4887,0,340.036,0,342.5388
0,276.7835,0,277.2245,0,278.8146,0,280.9145,0,283.0406,0,285.1874,0,287.3493,0,286.8667,0,286.1915,0,285.513,0,284.8313,0,286.1689,0,287.5651,0,288.9486,0,290.318,0,292.5405,0,294.7901,0,297.0604,0,299.3444,0,302.2817,0,305.3286,0,308.3033,0,311.3287,0,314.4078,0,317.5237,0,320.6585,0,323.7935,0,326.2415,0,328.5384,0,330.5823,0,332.6427,0,334.7143,0,336.7919,0,338.8698,0,341.0182,0,343.5107
0,276.7835,0,277.0803,0,278.46,0,280.5534,0,282.6738,0,284.816,0,286.9741,0,289.1422,0,288.6959,0,288.025,0,287.3504,0,287.6316,0,289.0236,0,290.4013,0,291.7632,0,293.9943,0,296.2483,0,298.5183,0,300.7975,0,303.1582,0,306.198,0,309.161,0,312.1926,0,315.273,0,318.385,0,321.5107,0,324.6316,0,327.7206,0,329.9976,0,332.0435,0,334.102,0,336.168,0,338.236,0,340.3007,0,342.3568,0,344.4812
0,276.7835,0,276.4572,0,278.243,0,280.1936,0,282.3082,0,284.4455,0,286.5998,0,288.765,0,290.9351,0,290.5259,0,289.8608,0,289.1914,0,290.4856,0,291.8556,0,293.2083,0,295.4452,0,297.7005,0,299.9674,0,302.2387,0,304.5074,0,307.068,0,310.0179,0,313.0544,0,316.1345,0,319.2413,0,322.3566,0,325.4622,0,328.5399,0,331.4512,0,333.4964,0,335.3588,0,337.1455,0,338.934,0,340.7206,0,342.502,0,344.2747
0,276.7835,0,275.5759,0,278.0986,0,279.8351,0,281.9439,0,284.0761,0,286.2263,0,288.3885,0,290.5567,0,292.7246,0,292.353,0,291.695,0,291.9491,0,293.3096,0,294.6513,0,296.8912,0,299.145,0,301.4058,0,303.6665,0,305.9203,0,308.1601,0,310.8737,0,313.9136,0,316.9922,0,320.0923,0,323.1996,0,326.3197,0,329.4192,0,332.4802,0,333.0822,0,334.8604,0,336.6448,0,338.4317,0,340.2179,0,341.9997,0,343.7739
0,276.7835,0,274.6905,0,277.9543,0,279.478,0,281.5807,0,283.7078,0,285.8537,0,288.0127,0,290.1787,0,292.3456,0,294.5071,0,294.1735,0,293.5239,0,294.7615,0,296.0906,0,298.3306,0,300.5799,0,302.8319,0,305.0794,0,307.3156,0,309.534,0,311.728,0,314.7769,0,317.8723,0,320.9967,0,324.1319,0,327.2592,0,330.3601,0,333.4172,0,333.9198,0,334.4229,0,336.1449,0,337.9302,0,339.7156,0,341.4977,0,343.273
0,276.7835,0,273.8015,0,277.8099,0,279.1223,0,281.2187,0,283.3405,0,285.4821,0,287.6377,0,289.8014,0,291.967,0,294.1283,0,296.2793,0,295.9839,0,296.2094,0,297.5243,0,299.7615,0,302.0037,0,304.2441,0,306.4758,0,308.6922,0,310.6649,0,312.5829,0,315.6636,0,318.7829,0,321.924,0,325.0704,0,328.2031,0,331.3039,0,334.3553,0,334.8586,0,335.3624,0,335.8665,0,337.4293,0,339.2137,0,340.9958,0,342.7721
0,276.7835,0,273.7833,0,277.6656,0,278.9735,0,280.8581,0,282.9743,0,285.1114,0,287.2635,0,289.4246,0,291.5888,0,293.7498,0,295.9014,0,298.0378,0,297.7806,0,298.9507,0,301.1823,0,303.4147,0,305.6409,0,307.6709,0,309.5966,0,311.5209,0,313.4394,0,316.5323,0,319.6937,0,322.8586,0,326.0145,0,329.1511,0,332.2499,0,335.2941,0,335.7978,0,336.3019,0,336.8062,0,337.3106,0,338.7125,0,340.4942,0,342.2711
0,276.7835,0,273.7833,0,277.5214,0,278.829,0,280.4987,0,282.6093,0,284.7417,0,286.89,0,289.0485,0,291.211,0,293.3715,0,295.5237,0,297.6617,0,299.7797,0,300.368,0,302.5914,0,304.6727,0,306.5957,0,308.524,0,310.4532,0,312.379,0,314.297,0,317.4007,0,320.568,0,323.7809,0,326.964,0,330.1026,0,333.1978,0,336.2329,0,336.7369,0,337.241,0,337.7452,0,338.2494,0,338.7535,0,339.993,0,341.7703
0,276.7835,0,273.7833,0,277.3772,0,278.6846,0,280.1406,0,282.2455,0,284.3729,0,286.5174,0,288.673,0,290.8338,0,292.9935,0,295.146,0,297.2854,0,299.4059,0,301.6445,0,303.5964,0,305.5181,0,307.4476,0,309.3804,0,311.3122,0,313.2387,0,315.1554,0,318.2685,0,321.4401,0,324.6519,0,327.8844,0,331.0571,0,334.147,0,337.1715,0,337.6753,0,338.1792,0,338.683,0,339.1867,0,339.6902,0,340.1934,0,341.2696
0,276.7835,0,273.7833,0,277.0089,0,278.5401,0,279.8486,0,281.8828,0,284.0053,0,286.1457,0,288.2983,0,290.457,0,292.6158,0,294.7685,0,296.9091,0,299.0318,0,302.201,0,304.3611,0,306.3683,0,308.3033,0,310.2399,0,312.1734,0,314.0996,0,316.0142,0,319.1353,0,322.3097,0,325.5189,0,328.7432,0,331.9622,0,335.0969,0,338.1091,0,338.6126,0,339.116,0,339.6192,0,340.1221,0,340.491,0,340.0298,0,339.567
0,276.7835,0,273.7833,0,276.1297,0,278.3957,0,279.7041,0,281.5213,0,283.6387,0,285.7749,0,287.9242,0,290.0808,0,292.2384,0,294.3911,0,296.5327,0,299.0848,0,302.7582,0,304.9221,0,307.107,0,309.1626,0,311.1019,0,313.0363,0,314.9614,0,316.8729,0,320.0006,0,323.1764,0,326.3816,0,329.5963,0,332.8004,0,335.9742,0,339.0454,0,339.5483,0,339.372,0,338.9086,0,338.4436,0,337.9773,0,337.5095,0,337.0404
0,276.7835,0,273.7833,0,275.2462,0,278.2513,0,279.5596,0,281.1611,0,283.2731,0,285.4049,0,287.5509,0,289.7051,0,291.8615,0,294.0139,0,296.1564,0,299.6434,0,303.3158,0,305.4832,0,307.67,0,309.8699,0,311.9662,0,313.9006,0,315.8237,0,317.7313,0,320.8641,0,324.0398,0,327.2395,0,330.4433,0,333.6313,0,336.7054,0,339.4695,0,337.3193,0,336.8513,0,336.382,0,335.9116,0,335.44,0,334.9674,0,334.4938
0,276.7835,0,273.7833,0,274.3586,0,278.107,0,279.4151,0,280.8021,0,282.9087,0,285.036,0,287.1784,0,289.3301,0,291.485,0,293.637,0,296.4922,0,300.2032,0,303.8738,0,306.0443,0,308.2325,0,310.4323,0,312.6372,0,314.7658,0,316.686,0,318.5889,0,321.7254,0,324.8996,0,328.0923,0,331.2289,0,334.043,0,336.8382,0,339.6015,0,337.1548,0,334.687,0,333.838,0,333.3639,0,332.8889,0,332.4133,0,331.937
0,276.7835,0,273.7833,0,273.4676,0,277.9626,0,279.2706,0,280.5792,0,282.5454,0,284.668,0,286.8067,0,288.9557,0,291.1089,0,293.323,0,297.0507,0,300.764,0,304.4322,0,306.6053,0,308.7945,0,310.9937,0,313.1963,0,315.3959,0,317.5481,0,319.4454,0,322.5842,0,325.7271,0,328.5404,0,331.3613,0,334.1759,0,336.971,0,339.7336,0,337.2874,0,334.8197,0,332.3394,0,330.8105,0,330.3341,0,329.8573,0,329.3802
0,276.7835,0,273.7833,0,272.5733,0,277.8183,0,279.1261,0,280.4347,0,282.1833,0,284.301,0,286.4358,0,288.5819,0,290.7333,0,293.8769,0,297.6108,0,301.3256,0,304.9907,0,307.166,0,309.3559,0,311.554,0,313.7539,0,315.9492,0,318.1334,0,320.3003,0,323.0619,0,325.8567,0,328.6718,0,331.4937,0,334.3089,0,337.1038,0,339.8656,0,337.42,0,334.9524,0,332.4717,0,329.9871,0,327.7856,0,327.3095,0,326.8335
0,276.7835,0,273.7833,0,271.6764,0,277.6741,0,278.9817,0,280.2902,0,281.8223,0,283.9351,0,286.0658,0,288.2088,0,290.7011,0,294.4329,0,298.1725,0,301.8881,0,305.5493,0,307.7264,0,309.9165,0,312.1131,0,314.3099,0,316.5005,0,318.6784,0,319.8695,0,322.9928,0,325.9864,0,328.8032,0,331.6263,0,334.4419,0,337.2367,0,339.9977,0,337.5527,0,335.0852,0,332.6041,0,330.1186,0,327.6382,0,325.172,0,324.3069
0,276.7835,0,273.7833,0,270.7771,0,277.5298,0,278.8372,0,280.1456,0,281.4625,0,283.5702,0,285.6967,0,287.8365,0,291.2496,0,294.9911,0,298.7355,0,302.4512,0,306.1078,0,308.2864,0,310.4762,0,312.671,0,314.8643,0,317.0497,0,318.3429,0,319.4385,0,322.5598,0,325.7217,0,328.9056,0,331.759,0,334.575,0,337.3696,0,340.1298,0,337.6854,0,335.218,0,332.7365,0,330.2503,0,327.7685,0,325.3004,0,321.8685
0,276.7835,0,273.7833,0,270.7403,0,276.6827,0,278.6928,0,280.0011,0,281.3093,0,283.2063,0,285.3285,0,288.0804,0,291.8008,0,295.5512,0,299.2999,0,303.0149,0,306.6663,0,308.8458,0,311.035,0,313.2275,0,315.4169,0,316.8111,0,317.9109,0,319.0073,0,322.1262,0,325.2883,0,328.4751,0,331.6669,0,334.7082,0,337.5025,0,340.2618,0,337.8181,0,335.3509,0,332.8691,0,330.0474,0,326.525,0,323.0042,0,319.5115
0,276.7835,0,273.7833,0,270.7403,0,275.8011,0,278.5484,0,279.8566,0,281.1649,0,282.8436,0,284.9613,0,288.6213,0,292.3545,0,296.1133,0,299.8654,0,303.5791,0,307.2245,0,309.4046,0,311.5927,0,313.7825,0,315.2763,0,316.3787,0,317.4789,0,318.5761,0,321.6921,0,324.854,0,328.0433,0,331.2404,0,334.4254,0,337.5791,0,340.3939,0,337.9508,0,334.7833,0,331.2689,0,327.7201,0,324.1637,0,320.6271,0,317.1365
0,276.7835,0,273.7833,0,270.7403,0,274.9153,0,278.404,0,279.7121,0,281.0204,0,282.482,0,285.472,0,289.1653,0,292.9108,0,296.6772,0,300.4321,0,304.1436,0,307.7823,0,309.9626,0,312.1492,0,313.7407,0,314.8442,0,315.9466,0,317.047,0,318.1448,0,321.2576,0,324.419,0,327.6104,0,330.8123,0,334.0049,0,337.1684,0,340.0248,0,336.0367,0,332.5086,0,328.9362,0,325.3466,0,321.768,0,318.2277,0,314.7517
0,276.7835,0,273.7833,0,270.7403,0,274.0257,0,278.2596,0,279.5677,0,280.876,0,282.1832,0,285.9988,0,289.7123,0,293.4695,0,297.2428,0,300.9997,0,304.7084,0,308.3397,0,310.5197,0,312.2064,0,313.3094,0,314.4124,0,315.5146,0,316.6152,0,317.7135,0,320.8228,0,323.9832,0,327.1764,0,330.3829,0,333.5825,0,336.3707,0,339.0531,0,334.8516,0,330.4964,0,326.5528,0,322.9341,0,319.3456,0,315.8144,0,312.3652
0,276.7835,0,273.7833,0,270.7403,0,273.1327,0,278.1153,0,279.4232,0,280.7315,0,282.0389,0,285.1699,0,289.2504,0,293.4029,0,297.585,0,301.5681,0,305.2734,0,308.8966,0,310.6757,0,311.7766,0,312.8787,0,313.9811,0,315.083,0,316.1836,0,317.2822,0,320.3877,0,323.5468,0,326.7414,0,329.887,0,332.6529,0,335.3877,0,338.0798,0,333.8588,0,329.4947,0,325.0327,0,320.5248,0,316.905,0,313.3957,0,309.9854
0,276.7835,0,273.7833,0,270.7403,0,272.2366,0,277.971,0,279.2787,0,280.587,0,281.8946,0,284.3658,0,288.402,0,292.535,0,296.7066,0,300.8728,0,304.9902,0,309.0183,0,310.248,0,311.3475,0,312.4485,0,313.5502,0,314.6517,0,315.7523,0,316.851,0,319.9523,0,323.1098,0,326.1224,0,328.9015,0,331.6667,0,334.4053,0,337.1056,0,332.8675,0,328.4972,0,324.0411,0,319.5514,0,315.083,0,310.98,0,307.6202
0,276.7835,0,273.7833,0,270.7403,0,271.338,0,277.8267,0,279.1343,0,280.4425,0,281.7502,0,284.2211,0,287.5602,0,291.6721,0,295.8313,0,299.9944,0,304.1178,0,308.1605,0,309.4011,0,310.6428,0,311.8843,0,313.1199,0,314.2208,0,315.3212,0,316.42,0,319.5167,0,322.3801,0,325.1485,0,327.9205,0,330.6833,0,333.4242,0,336.1311,0,331.8784,0,327.5046,0,323.057,0,318.588,0,314.1515,0,309.7993,0,305.3141
0,276.7835,0,273.7833,0,270.7403,0,270.4373,0,277.2347,0,278.9898,0,280.2981,0,281.6058,0,284.0764,0,286.7253,0,290.8145,0,294.9595,0,299.1175,0,303.2451,0,307.3006,0,308.5421,0,309.7855,0,311.0295,0,312.2731,0,313.515,0,314.7541,0,315.9892,0,318.6911,0,321.4257,0,324.1811,0,326.9446,0,329.7034,0,332.4449,0,335.1567,0,330.8921,0,326.5174,0,322.0809,0,317.6349,0,313.1369,0,308.0999,0,303.1529
0,276.7835,0,273.7833,0,270.7403,0,269.5348,0,276.3553,0,278.8454,0,280.1536,0,281.4614,0,283.9316,0,286.4192,0,289.9626,0,294.0916,0,298.2426,0,302.3724,0,306.4388,0,307.6807,0,308.9253,0,310.1714,0,311.4178,0,312.6633,0,313.9068,0,314.0197,0,317.1315,0,320.2588,0,323.2207,0,325.9742,0,328.7274,0,331.4679,0,334.1832,0,329.9091,0,325.5362,0,321.1133,0,316.0845,0,310.9754,0,305.914,0,300.9766
0,276.7835,0,273.7833,0,270.7403,0,268.6311,0,275.4714,0,278.701,0,280.0091,0,281.317,0,283.7868,0,286.2745,0,289.1166,0,293.2279,0,297.3701,0,301.5001,0,305.5757,0,306.8174,0,308.0626,0,309.3101,0,310.5588,0,311.8074,0,312.6558,0,312.031,0,315.1493,0,318.2951,0,321.4497,0,324.5941,0,327.7095,0,330.4938,0,333.2109,0,328.9299,0,324.1605,0,319.0856,0,313.9298,0,308.7754,0,303.7045,0,298.7915
0,276.7835,0,273.7833,0,270.7403,0,267.7265,0,274.5834,0,278.5566,0,279.8646,0,281.1726,0,283.642,0,286.1298,0,288.6267,0,292.3689,0,296.5003,0,300.6286,0,304.7115,0,305.9524,0,307.1977,0,308.4461,0,309.6965,0,310.9476,0,310.6575,0,310.0275,0,313.1447,0,316.3016,0,319.4797,0,322.6594,0,325.8213,0,328.9465,0,332.1655,0,327.1695,0,322.1245,0,316.9501,0,311.7275,0,306.5426,0,301.4776,0,296.6038
0,276.7835,0,273.7833,0,270.7403,0,267.6711,0,273.6918,0,278.4123,0,279.7202,0,281.0282,0,283.4971,0,285.9849,0,288.4825,0,291.5148,0,295.6336,0,299.7584,0,303.8466,0,305.0863,0,306.331,0,307.5798,0,308.8313,0,309.2802,0,308.6479,0,308.0142,0,311.1224,0,314.2827,0,317.4766,0,320.6847,0,323.8871,0,327.2091,0,330.918,0,325.7493,0,320.296,0,314.7583,0,309.4828,0,304.283,0,299.2398,0,294.4199
0,276.7835,0,273.7833,0,270.7403,0,267.6711,0,272.7968,0,278.2679,0,279.5757,0,280.8838,0,283.3522,0,285.84,0,288.3382,0,290.8372,0,294.7705,0,298.8898,0,302.9816,0,304.2193,0,305.463,0,306.7114,0,307.9006,0,307.2666,0,306.6317,0,305.9958,0,309.0872,0,312.2427,0,315.4447,0,318.6738,0,322.0456,0,325.9291,0,329.6672,0,324.4602,0,318.9895,0,313.3404,0,307.6171,0,302.0034,0,296.9981,0,292.2462
0,276.7835,0,273.7833,0,270.7403,0,267.6711,0,271.899,0,278.1236,0,279.4313,0,280.7393,0,283.2072,0,285.6951,0,288.1938,0,290.6939,0,293.9113,0,298.0233,0,302.1166,0,303.3519,0,304.594,0,305.8416,0,305.8855,0,305.2499,0,304.6139,0,303.9774,0,307.0442,0,310.1868,0,313.3885,0,316.7497,0,320.7523,0,324.6506,0,328.4141,0,323.174,0,317.6918,0,312.0562,0,306.3721,0,300.7501,0,295.2937,0,290.0887
0,276.7835,0,273.7833,0,270.7403,0,267.6711,0,270.9988,0,277.7858,0,279.2868,0,280.5949,0,283.0622,0,285.5501,0,288.0493,0,290.5505,0,293.0563,0,297.1592,0,301.2523,0,302.4845,0,303.7243,0,304.5059,0,303.8706,0,303.235,0,302.5995,0,301.9641,0,304.9985,0,308.12,0,311.4088,0,315.465,0,319.4659,0,323.3748,0,327.1601,0,321.892,0,316.4041,0,310.7875,0,305.1475,0,299.5918,0,295.7745,0,294.1349
0,276.7835,0,273.7833,0,270.7403,0,267.6711,0,270.0967,0,276.9086,0,279.1424,0,280.4504,0,282.9171,0,285.405,0,287.9047,0,290.407,0,292.9021,0,296.2979,0,300.3888,0,301.6175,0,302.8545,0,302.4952,0,301.8609,0,301.227,0,300.5935,0,299.9606,0,302.9554,0,306.1147,0,310.1548,0,314.1922,0,318.1874,0,322.103,0,325.9063,0,320.6155,0,315.1275,0,309.5354,0,303.944,0,301.6695,0,299.975,0,298.2946
0,276.7835,0,273.7833,0,270.7403,0,267.6711,0,269.1929,0,276.0268,0,278.998,0,280.306,0,282.7721,0,285.2598,0,287.76,0,290.2633,0,292.76,0,295.4397,0,299.5267,0,300.7513,0,301.1254,0,300.4931,0,299.8614,0,299.2306,0,298.6007,0,297.9719,0,300.9544,0,304.9119,0,308.9175,0,312.9326,0,316.9181,0,320.8364,0,324.6539,0,319.3458,0,313.8631,0,309.3717,0,307.6563,0,305.9418,0,304.2311,0,302.5273
0,276.7835,0,273.7833,0,270.7403,0,267.6711,0,268.2881,0,275.1406,0,278.8536,0,280.1615,0,282.627,0,285.1146,0,287.6153,0,290.1195,0,292.6178,0,295.1006,0,298.6663,0,299.7626,0,299.133,0,298.5043,0,297.8768,0,297.2505,0,296.6257,0,296.0024,0,299.8199,0,303.7297,0,307.6979,0,311.6872,0,315.6591,0,319.5762,0,323.4042,0,318.0839,0,315.294,0,313.6062,0,311.9087,0,310.2046,0,308.4967,0,306.7881
0,276.7835,0,273.7833,0,270.7403,0,267.6711,0,267.3826,0,274.2505,0,278.7092,0,280.0171,0,282.4818,0,284.9693,0,287.4704,0,289.9756,0,292.4754,0,294.9602,0,297.808,0,297.782,0,297.1571,0,296.6171,0,296.1453,0,295.6731,0,295.2004,0,294.7273,0,298.5597,0,302.4822,0,306.4602,0,310.4562,0,314.4314,0,318.3485,0,321.7919,0,321.022,0,319.3948,0,317.749,0,316.087,0,314.4113,0,312.7248,0,311.0301
0,276.7835,0,273.7833,0,270.7403,0,267.6711,0,266.477,0,273.3568,0,278.5649,0,279.8726,0,282.3367,0,284.824,0,287.3254,0,289.8316,0,292.3328,0,294.8197,0,296.7287,0,296.2885,0,295.8159,0,295.3428,0,294.8693,0,294.3955,0,293.9215,0,293.4472,0,297.2705,0,301.1959,0,305.1895,0,309.2137,0,313.2291,0,317.1967,0,316.2919,0,317.8143,0,319.301,0,320.7515,0,320.1503,0,318.5192,0,316.8709,0,315.2078
0,276.7835,0,273.7833,0,270.7403,0,267.6711,0,265.5716,0,272.46,0,278.4206,0,279.7282,0,282.1915,0,284.6786,0,287.1804,0,289.6874,0,292.1901,0,294.6199,0,295.3823,0,294.9937,0,294.5374,0,294.0628,0,293.5881,0,293.1132,0,292.6382,0,292.1631,0,295.9733,0,299.8976,0,303.9028,0,307.9517,0,312.0042,0,312.4013,0,310.4197,0,312.0487,0,313.6473,0,315.2139,0,316.7472,0,318.2462,0,319.7099,0,319.2796
0,276.7835,0,273.7833,0,270.7403,0,267.6711,0,264.6669,0,271.5606,0,278.2763,0,279.5837,0,282.0463,0,284.5331,0,287.0352,0,289.5431,0,292.0472,0,293.2611,0,294.0277,0,293.6389,0,293.2507,0,292.7784,0,292.3028,0,291.8273,0,291.3518,0,290.8765,0,294.6696,0,298.5885,0,302.6013,0,306.671,0,308.44,0,306.3843,0,304.2704,0,305.9779,0,307.6633,0,309.3241,0,310.9582,0,312.5635,0,314.1385,0,314.2852
0,276.7835,0,273.7833,0,270.7403,0,267.6711,0,264.5931,0,270.6588,0,277.461,0,279.4393,0,281.901,0,284.3876,0,286.89,0,289.3987,0,291.1252,0,291.8964,0,292.6661,0,292.2776,0,291.8898,0,291.4907,0,291.0148,0,290.5391,0,290.0637,0,289.5886,0,293.3606,0,297.2698,0,301.2859,0,304.4444,0,302.3341,0,300.1753,0,297.9725,0,299.7214,0,301.4588,0,303.1817,0,304.8872,0,306.3341,0,306.2923,0,306.2492
0,276.7835,0,273.7833,0,270.7403,0,267.6711,0,264.5931,0,269.7553,0,276.5814,0,279.2949,0,281.7558,0,284.2421,0,286.7447,0,288.9803,0,289.754,0,290.5271,0,291.2992,0,290.9114,0,290.5245,0,290.1385,0,289.7253,0,289.25,0,288.775,0,288.3006,0,292.0476,0,295.9429,0,299.9579,0,298.3093,0,296.1278,0,293.9142,0,291.6746,0,293.423,0,295.1716,0,296.9173,0,298.0347,0,297.867,0,297.6942,0,297.5161
0,276.7835,0,273.7833,0,270.7403,0,267.6711,0,264.5931,0,268.8503,0,275.6971,0,279.1505,0,281.6105,0,284.0965,0,286.5993,0,287.6066,0,288.3808,0,289.1548,0,289.9284,0,289.5418,0,289.1562,0,288.7716,0,288.3881,0,287.9612,0,287.4872,0,287.014,0,290.732,0,294.6092,0,294.3485,0,292.1664,0,289.9642,0,287.7483,0,285.5252,0,287.2325,0,288.951,0,289.6411,0,289.352,0,289.0546,0,288.7484,0,288.4332
0,276.7835,0,273.7833,0,270.7403,0,267.6711,0,264.5931,0,267.9445,0,274.8087,0,279.0062,0,281.4652,0,283.9508,0,285.46,0,286.2332,0,287.007,0,287.7811,0,288.5553,0,288.1703,0,287.7865,0,287.4038,0,287.0222,0,286.6418,0,286.2016,0,285.73,0,289.4152,0,290.4871,0,288.3249,0,286.1541,0,283.9811,0,281.8121,0,279.6531,0,281.2848,0,281.503,0,281.1118,0,280.7103,0,280.2982,0,279.875,0,279.4403
0,276.7835,0,273.7833,0,270.7403,0,267.6711,0,264.5931,0,267.0382,0,273.9165,0,278.8618,0,281.3199,0,283.3204,0,284.0904,0,284.8617,0,285.6342,0,286.4075,0,287.1814,0,286.7986,0,286.4169,0,286.0365,0,285.6574,0,285.2795,0,284.903,0,284.4498,0,286.7546,0,284.6305,0,282.5083,0,280.394,0,278.293,0,276.211,0,274.153,0,273.9111,0,273.4459,0,272.97,0,272.4831,0,271.9847,0,271.4747,0,270.9525
0,276.7835,0,273.7833,0,270.7403,0,267.6711,0,264.5931,0,266.1318,0,273.0209,0,278.7174,0,281.1746,0,281.9583,0,282.7251,0,283.4938,0,284.2641,0,285.0357,0,285.8084,0,285.4281,0,285.0491,0,284.6714,0,284.2951,0,283.9202,0,283.5468,0,283.1747,0,281.4591,0,279.7313,0,277.9942,0,276.251,0,274.5049,0,272.7593,0,271.0172,0,269.6684,0,268.3194,0,266.9715,0,265.6263,0,264.3939,0,263.8316,0,263.2581
0,276.7835,0,273.7833,0,270.7403,0,267.6711,0,264.5931,0,265.2259,0,272.1223,0,278.5731,0,279.8426,0,280.6028,0,281.3657,0,282.1309,0,282.8981,0,283.6672,0,284.4379,0,284.0605,0,283.6845,0,283.31,0,282.9369,0,282.5654,0,282.1603,0,281.6728,0,278.6161,0,276.8536,0,275.087,0,273.3197,0,271.555,0,269.7963,0,268.0467,0,266.6895,0,265.3354,0,263.9857,0,262.6419,0,261.3056,0,259.978,0,261.6675
0,276.7835,0,273.7833,0,270.7403,0,267.6711,0,264.5931,0,264.3209,0,271.2212,0,278.0123,0,278.5027,0,279.2556,0,280.0137,0,280.7745,0,281.5379,0,282.3036,0,283.0713,0,282.6972,0,282.3247,0,281.9538,0,281.5844,0,281.144,0,280.6541,0,280.1623,0,277.0211,0,273.8942,0,272.1067,0,270.3242,0,268.5501,0,266.7878,0,265.0404,0,263.6821,0,262.3301,0,260.986,0,259.6512,0,258.3269,0,260.1121,0,263.7321
0,276.7835,0,273.7833,0,270.7403,0,267.6711,0,264.5931,0,263.4172,0,270.318,0,277.135,0,277.4889,0,278.0601,0,278.6704,0,279.4261,0,280.1848,0,280.9463,0,281.7102,0,281.3399,0,280.9712,0,280.6042,0,280.1263,0,279.6343,0,279.1407,0,278.6455,0,275.4766,0,272.2192,0,269.0669,0,267.279,0,265.5055,0,263.7495,0,262.0142,0,260.6623,0,259.3202,0,257.989,0,256.6702,0,258.5484,0,262.1781,0,265.8075
0,276.7835,0,273.7833,0,270.7403,0,267.6711,0,264.5931,0,262.5152,0,269.4131,0,276.2529,0,276.4752,0,277.0446,0,277.6167,0,278.1876,0,278.8404,0,279.5968,0,280.3561,0,279.99,0,279.6,0,279.1079,0,278.6143,0,278.1191,0,277.6225,0,277.1245,0,273.9323,0,270.661,0,267.3297,0,264.2005,0,262.4378,0,260.6984,0,258.9849,0,257.647,0,256.3219,0,255.0109,0,256.9787,0,260.6127,0,264.2591,0,267.8885
0,276.7835,0,273.7833,0,270.7403,0,267.6711,0,264.5931,0,261.6155,0,268.5071,0,275.3664,0,275.5922,0,276.0255,0,276.5995,0,277.1726,0,277.7444,0,278.315,0,279.0105,0,278.5832,0,278.0895,0,277.5944,0,277.098,0,276.6003,0,276.1013,0,275.6012,0,272.3904,0,269.1101,0,265.7801,0,262.4222,0,259.3646,0,257.6516,0,255.9694,0,254.6527,0,253.3517,0,255.4054,0,259.0382,0,262.6962,0,266.3498,0,269.9694
0,276.7835,0,273.7833,0,270.7403,0,267.6711,0,264.5931,0,261.5239,0,267.6002,0,274.4757,0,274.705,0,275.0034,0,275.5791,0,276.1539,0,276.7278,0,277.3005,0,277.8721,0,277.0717,0,276.5755,0,276.0782,0,275.5797,0,275.0801,0,274.5795,0,274.078,0,270.8532,0,267.5687,0,264.2449,0,260.9038,0,257.568,0,254.6262,0,252.9842,0,251.6953,0,253.8307,0,257.4568,0,261.121,0,264.7936,0,268.4445,0,272.0449
0,276.7835,0,273.7833,0,270.7403,0,267.6711,0,264.5931,0,261.5239,0,266.6931,0,273.5815,0,273.8141,0,274.0453,0,274.556,0,275.1322,0,275.7077,0,276.2823,0,276.8559,0,276.0317,0,275.207,0,274.5612,0,274.0613,0,273.5606,0,273.0591,0,272.557,0,269.3228,0,266.0389,0,262.7261,0,259.4063,0,256.1016,0,252.8338,0,250.0445,0,252.2571,0,255.871,0,259.5357,0,263.2219,0,266.8992,0,270.5378,0,274.1095
0,276.7835,0,273.7833,0,270.7403,0,267.6711,0,264.5931,0,261.5239,0,265.7861,0,272.684,0,272.9199,0,273.1544,0,273.5309,0,274.1082,0,274.6849,0,275.261,0,275.8363,0,275.0106,0,274.1848,0,273.3593,0,272.5452,0,272.044,0,271.5423,0,271.0402,0,267.8013,0,264.5227,0,261.2254,0,257.9311,0,254.6614,0,251.7872,0,248.9993,0,249.3647,0,253.2852,0,257.2889,0,261.3386,0,265.3942,0,269.4154,0,273.364
0,276.7835,0,273.7833,0,270.7403,0,267.6711,0,264.5931,0,261.5239,0,264.8798,0,271.7837,0,272.0228,0,272.2605,0,272.5045,0,273.0824,0,273.66,0,274.2372,0,274.8138,0,273.9872,0,273.1609,0,272.3353,0,271.5107,0,270.6875,0,270.0312,0,269.5297,0,266.2908,0,263.0221,0,259.9349,0,257.0926,0,254.2555,0,251.4371,0,248.6509,0,247.3476,0,248.0647,0,251.985,0,256.0017,0,260.0776,0,264.1724,0,268.2445
0,276.7835,0,273.7833,0,270.7403,0,267.6711,0,264.5931,0,261.5239,0,263.9745,0,270.881,0,271.1232,0,271.364,0,271.6033,0,272.0556,0,272.6337,0,273.2116,0,273.7892,0,272.9622,0,272.1359,0,271.3107,0,270.487,0,269.665,0,268.8452,0,268.0278,0,265.2447,0,262.4274,0,259.5892,0,256.7437,0,253.905,0,251.0868,0,248.3025,0,246.9984,0,245.6892,0,246.7557,0,250.6717,0,254.6971,0,258.7955,0,262.9263
0,276.7835,0,273.7833,0,270.7403,0,267.6711,0,264.5931,0,261.5239,0,263.0707,0,269.9764,0,270.2216,0,270.4653,0,270.7076,0,271.0284,0,271.6067,0,272.1849,0,272.763,0,271.9361,0,271.1104,0,270.2862,0,269.4639,0,268.6437,0,267.8261,0,266.6223,0,264.6696,0,262.0856,0,259.2426,0,256.3941,0,253.5541,0,250.7363,0,247.954,0,246.6492,0,245.3397,0,244.0267,0,245.4391,0,249.3464,0,253.3762,0,257.493
0,276.7835,0,273.7833,0,270.7403,0,267.6711,0,264.5931,0,261.5239,0,262.1688,0,269.0703,0,269.3184,0,269.565,0,269.8102,0,270.0539,0,270.5795,0,271.1577,0,271.736,0,270.9098,0,270.0851,0,269.2624,0,268.442,0,267.6242,0,266.5439,0,265.2099,0,263.2454,0,261.2616,0,258.8952,0,256.0438,0,253.2027,0,250.3855,0,247.6055,0,246.3001,0,244.9903,0,243.6775,0,242.363,0,244.1162,0,248.0103,0,252.04
0,276.7835,0,273.7833,0,270.7403,0,267.6711,0,264.5931,0,261.5239,0,261.2694,0,268.1631,0,268.414,0,268.6634,0,268.9113,0,269.1579,0,269.5528,0,270.1307,0,270.7088,0,269.8837,0,269.0607,0,268.24,0,267.422,0,266.4656,0,265.1324,0,263.7924,0,261.8185,0,259.8285,0,257.8272,0,255.693,0,252.8509,0,250.0346,0,247.257,0,245.9511,0,244.6412,0,243.3286,0,242.0147,0,240.7008,0,242.7883,0,246.6649
0,276.7835,0,273.7833,0,270.7403,0,267.6711,0,264.5931,0,261.5239,0,260.3727,0,267.2554,0,267.5089,0,267.7609,0,268.0116,0,268.2608,0,268.5273,0,269.1044,0,269.682,0,268.8587,0,268.0378,0,267.2196,0,266.3874,0,265.055,0,263.7158,0,262.3713,0,260.3905,0,258.3969,0,256.3954,0,254.3909,0,252.3881,0,249.6835,0,246.9086,0,245.6023,0,244.2923,0,242.98,0,241.6668,0,240.354,0,239.043,0,241.4569
0,276.7835,0,273.7833,0,270.7403,0,267.6711,0,264.5931,0,261.5239,0,259.4793,0,266.3475,0,266.6035,0,266.8581,0,267.1113,0,267.3631,0,267.6135,0,268.0797,0,268.6564,0,267.8353,0,267.017,0,266.2019,0,264.9776,0,263.6393,0,262.2958,0,260.9485,0,258.9631,0,256.9685,0,254.9694,0,252.9706,0,250.9772,0,248.9938,0,246.5602,0,245.2536,0,243.9437,0,242.6318,0,241.3194,0,240.0146,0,238.7544,0,237.4973
0,276.7835,0,273.7833,0,270.7403,0,267.6711,0,264.5931,0,261.5239,0,258.5896,0,265.44,0,265.6984,0,265.9553,0,266.211,0,266.4652,0,266.7181,0,267.0571,0,267.6325,0,266.8141,0,265.999,0,264.9004,0,263.563,0,262.2204,0,260.8742,0,259.5257,0,257.5382,0,255.5449,0,253.5507,0,251.5602,0,249.5784,0,247.6098,0,246.347,0,245.2438,0,243.9839,0,242.7221,0,241.4596,0,240.1975,0,238.9373,0,237.6799
0,276.7835,0,273.7833,0,270.7403,0,267.6711,0,264.5931,0,261.5239,0,258.4809,0,264.5333,0,264.7939,0,265.0531,0,265.311,0,265.5676,0,265.8228,0,266.0766,0,266.611,0,265.7959,0,264.8234,0,263.4868,0,262.1451,0,260.7999,0,259.4526,0,258.1047,0,256.1176,0,254.1281,0,252.141,0,250.1612,0,248.5087,0,247.3765,0,246.2462,0,245.2529,0,244.1659,0,242.9046,0,241.6424,0,240.3805,0,239.1202,0,237.8626
0,276.7835,0,273.7833,0,270.7403,0,267.6711,0,264.5931,0,261.5239,0,258.4809,0,263.6277,0,263.8904,0,264.1518,0,264.4119,0,264.6706,0,264.928,0,265.1841,0,265.5926,0,264.7464,0,263.4107,0,262.07,0,260.7258,0,259.3796,0,258.0329,0,256.6871,0,254.7028,0,252.7196,0,250.7421,0,249.5413,0,248.4079,0,247.2756,0,246.1455,0,245.152,0,244.1569,0,243.087,0,241.8251,0,240.5634,0,239.303,0,238.0452
0,276.7835,0,273.7833,0,270.7403,0,267.6711,0,264.5931,0,261.5239,0,258.4809,0,262.7239,0,262.9886,0,263.252,0,263.514,0,263.7748,0,264.0343,0,264.2925,0,264.5779,0,263.3347,0,261.9949,0,260.6518,0,259.3068,0,257.9612,0,256.6167,0,255.2748,0,253.2957,0,251.7076,0,250.5743,0,249.4405,0,248.307,0,247.1748,0,246.0447,0,245.0512,0,244.056,0,243.0598,0,242.0078,0,240.7462,0,239.4859,0,238.2279
0,276.7835,0,273.7833,0,270.7403,0,267.6711,0,264.5931,0,261.5239,0,258.4809,0,261.8222,0,262.0887,0,262.3539,0,262.6179,0,262.8806,0,263.1421,0,263.4023,0,263.2134,0,262.3344,0,260.9216,0,259.5073,0,258.0932,0,256.681,0,255.2725,0,253.8693,0,252.7393,0,251.6072,0,250.4736,0,249.3397,0,248.2062,0,247.0739,0,245.9439,0,244.9504,0,243.9551,0,242.9589,0,241.9623,0,240.929,0,239.6687,0,238.4106
0,276.7835,0,273.7833,0,270.7403,0,267.6711,0,264.5931,0,261.5239,0,258.4809,0,260.923,0,261.1912,0,261.4582,0,261.7239,0,261.9884,0,262.2517,0,262.1378,0,261.7325,0,261.3837,0,260.1266,0,258.7088,0,257.2921,0,255.8784,0,254.4693,0,253.0666,0,252.3008,0,251.5067,0,250.3729,0,249.2388,0,248.1053,0,246.9731,0,245.8432,0,244.8495,0,243.8543,0,242.8581,0,241.8616,0,240.8653,0,239.8515,0,238.5932
0,276.7835,0,273.7833,0,270.7403,0,267.6711,0,264.5931,0,261.5239,0,258.4809,0,260.0269,0,260.2966,0,260.5651,0,260.8325,0,261.0986,0,261.0613,0,260.6525,0,260.241,0,259.8914,0,259.3276,0,257.9068,0,256.4882,0,255.0735,0,253.6644,0,252.2626,0,251.4959,0,250.7285,0,249.9608,0,249.138,0,248.0044,0,246.8722,0,245.7424,0,244.7487,0,243.7535,0,242.7573,0,241.7609,0,240.7648,0,239.7696,0,238.7759
0,276.7835,0,273.7833,0,270.7403,0,267.6711,0,264.5931,0,261.5239,0,258.4809,0,259.1341,0,259.4053,0,259.6752,0,259.944,0,259.9848,0,259.5727,0,259.158,0,258.7409,0,258.391,0,258.0413,0,257.1016,0,255.6816,0,254.2664,0,252.8579,0,251.4576,0,250.6903,0,249.9226,0,249.1548,0,248.3871,0,247.62,0,246.7713,0,245.6417,0,244.6479,0,243.6526,0,242.529,0,241.0706,0,239.6088,0,238.1456,0,236.6828
0,276.7835,0,273.7833,0,270.7403,0,267.6711,0,264.5931,0,261.5239,0,258.4809,0,258.2452,0,258.5176,0,258.7889,0,258.909,0,258.4939,0,258.0764,0,257.6565,0,257.2343,0,256.8845,0,256.5351,0,256.1861,0,254.8726,0,253.4576,0,252.0502,0,250.652,0,249.8843,0,249.1166,0,248.349,0,247.5819,0,246.8155,0,246.0502,0,245.2976,0,243.3785,0,241.9161,0,240.4491,0,238.9796,0,237.5094,0,236.0405,0,234.5748
0,276.7835,0,273.7833,0,270.7403,0,267.6711,0,264.5931,0,261.5239,0,258.4809,0,257.3605,0,257.634,0,257.8347,0,257.4169,0,256.9969,0,256.5745,0,256.15,0,255.7232,0,255.374,0,255.0253,0,254.6771,0,254.0617,0,252.6474,0,251.2417,0,249.8461,0,249.0784,0,248.3109,0,247.5438,0,246.7776,0,246.0123,0,245.2627,0,244.527,0,242.0421,0,239.8213,0,238.3443,0,236.8675,0,235.3928,0,233.9222,0,232.4577
0,276.7835,0,273.7833,0,270.7403,0,267.6711,0,264.5931,0,261.5239,0,258.4809,0,256.4804,0,256.7549,0,256.3425,0,255.9201,0,255.4957,0,255.0691,0,254.6404,0,254.2096,0,253.8615,0,253.514,0,253.1672,0,252.8211,0,251.836,0,250.4326,0,249.0402,0,248.2728,0,247.5058,0,246.7396,0,245.9744,0,245.2277,0,244.492,0,243.7557,0,241.2644,0,238.74,0,236.2198,0,234.7397,0,233.2646,0,231.7965,0,230.337
0,276.7835,0,273.7833,0,270.7403,0,267.6711,0,264.5931,0,261.5239,0,258.4809,0,255.6053,0,255.2712,0,254.847,0,254.4207,0,253.9924,0,253.5621,0,253.1298,0,252.6957,0,252.3492,0,252.0034,0,251.6584,0,251.3141,0,250.9707,0,249.6232,0,248.2347,0,247.4677,0,246.7016,0,245.9366,0,245.1928,0,244.457,0,243.7207,0,242.9839,0,240.4872,0,237.9603,0,235.4126,0,232.8541,0,231.1307,0,229.669,0,228.2187
0,276.7835,0,273.7833,0,270.7403,0,267.6711,0,264.5931,0,261.5239,0,258.4809,0,255.5827,0,253.7933,0,253.3503,0,252.9206,0,252.4891,0,252.0557,0,251.6205,0,251.1836,0,250.8391,0,250.4955,0,250.1528,0,249.8109,0,249.47,0,248.814,0,247.4297,0,246.6637,0,245.8987,0,245.1578,0,244.422,0,243.6856,0,242.9488,0,242.2119,0,239.7107,0,237.1822,0,234.6361,0,232.0822,0,229.5307,0,227.5457,0,226.1085
0,276.7835,0,273.7833,0,270.7403,0,267.6711,0,264.5931,0,261.5239,0,258.4809,0,255.7017,0,253.9125,0,252.1155,0,251.422,0,250.9878,0,250.5519,0,250.1144,0,249.6753,0,249.3334,0,248.9924,0,248.6524,0,248.3134,0,247.9754,0,247.6384,0,246.6257,0,245.8608,0,245.1229,0,244.387,0,243.6505,0,242.9137,0,242.1768,0,241.44,0,238.9352,0,236.4061,0,233.8624,0,231.3141,0,228.7711,0,226.2435,0,224.012
0,276.7835,0,273.7833,0,270.7403,0,267.6711,0,264.5931,0,261.5239,0,258.4809,0,255.8207,0,254.0316,0,252.2346,0,250.4331,0,249.4906,0,249.0529,0,248.6137,0,248.1731,0,247.8341,0,247.4962,0,247.1594,0,246.8236,0,246.489,0,246.1554,0,245.823,0,245.0879,0,244.352,0,243.6155,0,242.8786,0,242.1417,0,241.4049,0,240.6685,0,238.1609,0,235.6322,0,233.0919,0,230.55,0,228.1347,0,226.4634,0,224.8018
0,276.7835,0,273.7833,0,270.7403,0,267.6711,0,264.5931,0,261.5239,0,258.4809,0,255.9397,0,254.1508,0,252.3538,0,250.552,0,248.7491,0,247.5606,0,247.1203,0,246.6787,0,246.3432,0,246.0088,0,245.6756,0,245.3435,0,245.102,0,245.0966,0,245.0912,0,244.3453,0,243.5988,0,242.8519,0,242.1065,0,241.3697,0,240.6333,0,239.8975,0,237.3882,0,234.8607,0,233.0204,0,231.339,0,229.6593,0,227.9839,0,226.3158
0,276.7835,0,273.7833,0,270.7403,0,267.6711,0,264.5931,0,261.5239,0,258.4809,0,256.0587,0,254.2701,0,252.473,0,250.671,0,248.8675,0,247.0663,0,245.6362,0,245.1943,0,244.8626,0,244.5322,0,244.3808,0,244.3752,0,244.3696,0,244.364,0,244.3584,0,243.6119,0,242.865,0,242.118,0,241.3712,0,240.6248,0,239.8791,0,239.2608,0,237.8804,0,236.2133,0,234.5395,0,232.8618,0,231.183,0,229.506,0,227.8336
0,276.7835,0,273.7833,0,270.7403,0,267.6711,0,264.5931,0,261.5239,0,258.4809,0,256.1777,0,254.3893,0,252.5922,0,250.7899,0,248.986,0,247.1841,0,245.3876,0,243.7217,0,243.6596,0,243.6538,0,243.648,0,243.6423,0,243.6365,0,243.6307,0,243.625,0,242.878,0,242.1309,0,241.384,0,240.6376,0,239.8918,0,239.156,0,239.2242,0,238.5681,0,237.7163,0,236.051,0,234.3791,0,232.7036,0,231.0274,0,229.3531
0,276.7835,0,273.7833,0,270.7403,0,267.6711,0,264.5931,0,261.5239,0,258.4809,0,256.2967,0,254.5086,0,252.7115,0,250.909,0,249.1046,0,247.302,0,245.5045,0,243.6689,0,242.9267,0,242.9208,0,242.9148,0,242.9089,0,242.9029,0,242.897,0,242.891,0,242.1439,0,241.3969,0,240.6503,0,239.9045,0,239.1595,0,239.1194,0,239.1876,0,238.5315,0,237.8749,0,237.218,0,235.889,0,234.2192,0,232.546,0,230.8722
0,276.7835,0,273.7833,0,270.7403,0,267.6711,0,264.5931,0,261.5239,0,258.4809,0,256.4158,0,254.6279,0,252.8308,0,251.0281,0,249.2233,0,247.4199,0,245.6216,0,243.7338,0,242.939,0,242.1875,0,242.1813,0,242.1752,0,242.1691,0,242.1629,0,242.1568,0,241.4097,0,240.6631,0,239.9171,0,239.1721,0,239.0146,0,239.0828,0,239.1511,0,238.4949,0,237.8383,0,237.1814,0,236.5244,0,235.7275,0,234.0597,0,232.3888
0,276.7835,0,273.7833,0,270.7403,0,267.6711,0,264.5931,0,261.5239,0,258.4809,0,256.5348,0,254.7472,0,252.9502,0,251.1472,0,249.342,0,247.538,0,245.7337,0,243.7987,0,243.0039,0,242.2085,0,241.4479,0,241.4416,0,241.4352,0,241.4289,0,241.4226,0,240.6759,0,239.9298,0,239.1847,0,238.9098,0,238.978,0,239.0463,0,239.1145,0,238.4583,0,237.8017,0,237.1448,0,236.4879,0,235.831,0,235.1744,0,233.9006
0,276.7835,0,273.7833,0,270.7403,0,267.6711,0,264.5931,0,261.5239,0,258.4809,0,256.6538,0,254.8665,0,253.0695,0,251.2664,0,249.4608,0,247.6561,0,245.7988,0,243.8636,0,243.0688,0,242.2734,0,241.4777,0,240.7081,0,240.7016,0,240.6951,0,240.6886,0,239.9425,0,239.1972,0,238.805,0,238.8732,0,238.9415,0,239.0097,0,239.0779,0,238.4217,0,237.7651,0,237.1083,0,236.4513,0,235.7945,0,235.4397,0,236.6029
0,276.7835,0,273.7833,0,270.7403,0,267.6711,0,264.5931,0,261.5239,0,258.4809,0,256.7729,0,254.9858,0,253.189,0,251.3857,0,249.5796,0,247.7743,0,245.8639,0,243.9284,0,243.1338,0,242.3384,0,241.5426,0,240.7467,0,239.9685,0,239.9618,0,239.9552,0,239.2098,0,238.7002,0,238.7684,0,238.8367,0,238.9049,0,238.9731,0,239.0414,0,238.3852,0,237.7286,0,237.0717,0,236.6169,0,237.7868,0,238.9699,0,240.1654
0,276.7835,0,273.7833,0,270.7403,0,267.6711,0,264.5931,0,261.5239,0,258.4809,0,256.8919,0,255.1052,0,253.3084,0,251.505,0,249.6985,0,247.8782,0,245.9291,0,243.9933,0,243.1987,0,242.4033,0,241.6075,0,240.8115,0,240.0158,0,239.2293,0,239.2224,0,238.5954,0,238.6636,0,238.7319,0,238.8001,0,238.8683,0,238.9366,0,239.0048,0,238.3486,0,237.7934,0,238.9691,0,240.1569,0,241.3562,0,242.5659,0,243.7852
0,276.7835,0,273.7833,0,270.7403,0,267.6711,0,264.5931,0,261.5239,0,258.4809,0,257.011,0,255.2246,0,253.4279,0,251.6243,0,249.8175,0,247.9434,0,245.9942,0,244.0582,0,243.2636,0,242.4682,0,241.6724,0,240.8764,0,240.0806,0,239.2852,0,238.4906,0,238.5588,0,238.6271,0,238.6953,0,238.7635,0,238.8318,0,238.9,0,238.9682,0,240.1486,0,241.3403,0,242.5422,0,243.7536,0,244.9735,0,246.2008,0,247.4343
0,276.7835,0,273.7833,0,270.7403,0,267.6711,0,264.5931,0,261.5239,0,258.4809,0,257.13,0,255.344,0,253.5474,0,251.7437,0,249.9366,0,248.0085,0,246.0593,0,244.1231,0,243.3285,0,242.5331,0,241.7373,0,240.9413,0,240.1454,0,239.3494,0,238.5068,0,236.5794,0,236.6478,0,236.7163,0,236.7848,0,236.8533,0,236.9217,0,236.9902,0,241.0223,0,244.9346,0,246.1539,0,247.3796,0,248.6105,0,249.8455,0,251.0835
0,276.7835,0,273.7833,0,270.7403,0,267.6711,0,264.5931,0,261.5239,0,258.5005,0,257.2491,0,255.4634,0,253.6669,0,251.8632,0,250.0316,0,248.0737,0,246.1244,0,244.188,0,243.3935,0,242.5981,0,241.8022,0,241.0061,0,240.2091,0,239.3656,0,238.5231,0,236.2572,0,234.6545,0,234.723,0,234.7916,0,234.8602,0,234.9288,0,234.9973,0,239.03,0,243.1223,0,247.2333,0,251.006,0,252.2381,0,253.4709,0,254.7033
0,276.7835,0,273.7833,0,270.7403,0,267.6711,0,264.5931,0,261.5239,0,258.6205,0,257.3681,0,255.5828,0,253.7865,0,251.9827,0,250.0966,0,248.1389,0,246.1895,0,244.2529,0,243.4584,0,242.663,0,241.8671,0,241.0694,0,240.2253,0,239.3818,0,238.5393,0,236.2735,0,233.9899,0,232.7202,0,232.7887,0,232.8572,0,232.9257,0,232.9942,0,237.0176,0,241.1211,0,245.2642,0,249.404,0,253.4978,0,257.0485,0,258.2658
0,276.7835,0,273.7833,0,270.7403,0,267.6711,0,264.5931,0,261.5239,0,258.7404,0,257.4871,0,255.7023,0,253.9061,0,252.1022,0,250.1617,0,248.204,0,246.2546,0,244.3178,0,243.5233,0,242.728,0,241.9299,0,241.0857,0,240.2416,0,239.3981,0,238.5555,0,236.2898,0,234.0062,0,231.7118,0,230.781,0,230.8492,0,230.9175,0,230.9858,0,234.9896,0,239.094,0,243.2595,0,247.4429,0,251.5999,0,255.6879,0,258.5199
0,276.7835,0,273.7833,0,270.7403,0,267.6711,0,264.5931,0,261.5239,0,258.8604,0,257.6062,0,255.8217,0,254.0258,0,252.1878,0,250.2267,0,248.2692,0,246.3197,0,244.3827,0,243.5883,0,242.7902,0,241.9461,0,241.1019,0,240.2578,0,239.4143,0,238.5717,0,236.3061,0,234.0225,0,231.728,0,229.43,0,228.8411,0,228.9089,0,228.9768,0,232.9511,0,237.0459,0,241.2234,0,245.4409,0,249.3797,0,251.5905,0,253.7656
0,276.7835,0,273.7833,0,270.7403,0,267.6711,0,264.5931,0,261.5239,0,258.9803,0,257.7252,0,255.9412,0,254.1454,0,252.2526,0,250.2917,0,248.3343,0,246.3848,0,244.4476,0,243.65,0,242.8064,0,241.9624,0,241.1181,0,240.274,0,239.4305,0,238.588,0,236.3223,0,234.0388,0,231.7443,0,229.4462,0,227.152,0,226.9051,0,226.9724,0,230.9071,0,234.9816,0,239.1604,0,242.0892,0,244.3616,0,246.619,0,248.8544
0,276.7835,0,273.7833,0,270.7403,0,267.6711,0,264.5931,0,261.5239,0,259.1002,0,257.8442,0,256.0606,0,254.2651,0,252.3173,0,250.3567,0,248.3994,0,246.4499,0,244.4699,0,243.6661,0,242.8226,0,241.9786,0,241.1343,0,240.2903,0,239.4468,0,238.6042,0,236.3386,0,234.0551,0,231.7605,0,229.4624,0,227.168,0,224.9107,0,224.9773,0,228.8629,0,232.5438,0,234.7902,0,237.0514,0,239.3204,0,241.59,0,243.8533
0,276.7835,0,273.7833,0,270.7403,0,267.6711,0,264.5931,0,261.5239,0,259.2201,0,257.9632,0,256.1801,0,254.3408,0,252.382,0,250.4217,0,248.4645,0,246.388,0,243.9816,0,243.3604,0,242.7389,0,241.9948,0,241.1506,0,240.3065,0,239.463,0,238.6204,0,236.3549,0,234.0714,0,231.7768,0,229.4786,0,227.184,0,224.9005,0,222.9962,0,225.5663,0,227.7125,0,229.8928,0,232.1017,0,234.3331,0,236.5804,0,238.8369
0,276.7835,0,273.7833,0,270.7403,0,267.6711,0,264.5931,0,261.5239,0,259.3399,0,258.0823,0,256.2996,0,254.405,0,252.4467,0,250.4867,0,248.3186,0,245.8989,0,243.4928,0,242.8713,0,242.2495,0,241.6275,0,241.0056,0,240.3227,0,239.4792,0,238.6366,0,236.3712,0,234.0877,0,231.7931,0,229.4861,0,227.1338,0,224.7926,0,222.4702,0,222.9317,0,223.3933,0,225.1803,0,227.3088,0,229.4722,0,231.6649,0,233.8811
0,276.7835,0,273.7833,0,270.7403,0,267.6711,0,264.5931,0,261.5239,0,259.4598,0,258.2013,0,256.4191,0,254.4693,0,252.5114,0,250.2574,0,247.8298,0,245.4091,0,243.0037,0,242.3819,0,241.7599,0,241.1379,0,240.5161,0,239.8945,0,239.2734,0,238.6528,0,236.3315,0,233.9905,0,231.6377,0,229.2809,0,226.9279,0,224.5868,0,222.2651,0,222.7267,0,223.1883,0,223.65,0,224.1117,0,224.7994,0,226.9104,0,229.0568
0,276.7835,0,273.7833,0,270.7403,0,267.6711,0,264.5931,0,261.5239,0,259.5796,0,258.3202,0,256.4845,0,254.5335,0,252.2001,0,249.7701,0,247.3401,0,244.9187,0,242.5144,0,241.8923,0,241.2703,0,240.6483,0,240.0266,0,239.4054,0,238.7846,0,238.9786,0,236.1797,0,233.7883,0,231.4335,0,229.0754,0,226.7219,0,224.3809,0,222.0601,0,222.5216,0,222.9832,0,223.445,0,223.9068,0,224.3685,0,224.8301,0,225.8749
0,276.7835,0,273.7833,0,270.7403,0,267.6711,0,264.5931,0,261.5239,0,259.6994,0,258.4392,0,256.5481,0,254.1421,0,251.7154,0,249.2816,0,246.8494,0,244.4277,0,242.0248,0,241.4027,0,240.7806,0,240.1588,0,239.5374,0,238.9164,0,238.6719,0,239.3044,0,236.5067,0,233.682,0,231.2291,0,228.8698,0,226.5158,0,224.175,0,221.855,0,222.3165,0,222.7782,0,223.2399,0,223.7017,0,224.1635,0,225.8075,0,228.6109
0,276.7835,0,273.7833,0,270.7403,0,267.6711,0,264.5931,0,261.5239,0,259.8192,0,258.5918,0,256.079,0,253.6611,0,251.2291,0,248.7918,0,246.3579,0,243.9362,0,241.5351,0,240.9129,0,240.291,0,239.6694,0,239.0483,0,238.4278,0,238.9977,0,239.6303,0,236.834,0,234.0091,0,231.169,0,228.6639,0,226.3095,0,223.969,0,221.65,0,222.1114,0,222.573,0,223.0348,0,223.4967,0,225.7397,0,228.5489,0,231.3777
0,276.7835,0,273.7833,0,270.7403,0,267.6711,0,264.5931,0,261.5239,0,259.9389,0,258.9459,0,255.6133,0,253.1783,0,250.7414,0,248.3009,0,245.8656,0,243.4443,0,241.0453,0,240.4233,0,239.8015,0,239.1802,0,238.5596,0,238.6909,0,239.3235,0,239.9563,0,237.1616,0,234.3366,0,231.4949,0,228.6503,0,226.1031,0,223.7629,0,221.4449,0,221.9063,0,222.3679,0,222.8898,0,225.6716,0,228.4867,0,231.3217,0,234.1629
0,276.7835,0,273.7833,0,270.7403,0,267.6711,0,264.5931,0,261.5239,0,260.0586,0,259.3003,0,255.9684,0,252.6938,0,250.2523,0,247.8089,0,245.3726,0,242.952,0,240.5555,0,239.9337,0,239.3122,0,238.6913,0,238.3842,0,239.0168,0,239.6495,0,240.2823,0,237.4893,0,234.6645,0,231.8214,0,228.9737,0,226.1356,0,223.5568,0,221.2399,0,221.7012,0,222.8161,0,225.6033,0,228.4241,0,231.2653,0,234.1131,0,236.9533
0,276.7835,0,273.7833,0,270.7403,0,267.6711,0,264.5931,0,261.5239,0,260.1783,0,259.655,0,256.3241,0,252.9491,0,249.7618,0,247.316,0,244.879,0,242.4595,0,240.0659,0,239.4442,0,238.8232,0,238.2028,0,238.71,0,239.3427,0,239.9755,0,240.6082,0,237.8172,0,234.9928,0,232.1484,0,229.2979,0,226.4553,0,223.6344,0,221.0348,0,222.7421,0,225.5347,0,228.3613,0,231.2088,0,234.0631,0,236.91,0,239.7359
0,276.7835,0,273.7833,0,270.7403,0,267.6711,0,264.5931,0,261.5803,0,260.298,0,260.01,0,256.6803,0,253.304,0,249.9041,0,246.8221,0,244.3848,0,241.9668,0,239.5763,0,238.9551,0,238.3345,0,238.4032,0,239.0358,0,239.6686,0,240.3014,0,240.9342,0,238.1452,0,235.3214,0,232.476,0,229.6227,0,226.7758,0,224.0988,0,221.9644,0,225.0077,0,228.1016,0,231.1519,0,234.0128,0,236.8666,0,239.6993,0,242.4975
0,276.7835,0,273.7833,0,270.7403,0,267.6711,0,264.5931,0,261.7006,0,260.4176,0,260.3652,0,257.037,0,253.6597,0,250.2563,0,246.8504,0,243.8902,0,241.474,0,239.087,0,238.4662,0,238.0966,0,238.729,0,239.3618,0,239.9946,0,240.6274,0,241.2601,0,238.4734,0,235.6504,0,232.804,0,230.0483,0,227.8652,0,225.6967,0,223.549,0,226.6111,0,229.715,0,232.8428,0,235.9762,0,239.0964,0,242.1854,0,245.2258
0,276.7835,0,273.7833,0,270.7403,0,267.6711,0,264.5931,0,261.8209,0,260.5373,0,260.7206,0,257.3941,0,254.0162,0,250.6094,0,247.1978,0,243.8053,0,240.9811,0,238.598,0,237.9778,0,238.4223,0,239.0549,0,239.6878,0,240.3206,0,240.9534,0,241.5859,0,238.8018,0,236.0287,0,233.8434,0,231.6555,0,229.4714,0,227.2973,0,225.1395,0,228.2159,0,231.3248,0,234.4481,0,237.5674,0,240.6644,0,243.461,0,242.741
0,276.7835,0,273.7833,0,270.7403,0,267.6711,0,264.5931,0,261.9411,0,260.6568,0,261.0763,0,257.7517,0,254.3733,0,250.9636,0,247.5464,0,244.1459,0,240.7857,0,238.1094,0,238.1156,0,238.7481,0,239.3809,0,240.0138,0,240.6467,0,241.2793,0,241.9117,0,239.7707,0,237.6104,0,235.4368,0,233.2561,0,231.0744,0,228.8982,0,226.7337,0,229.8195,0,232.9285,0,236.0425,0,239.1431,0,241.6881,0,240.9616,0,240.2311
0,276.7835,0,273.7833,0,270.7403,0,267.6711,0,264.5931,0,262.0612,0,260.7764,0,261.432,0,258.1098,0,254.7311,0,251.3186,0,247.8961,0,244.488,0,241.1178,0,237.9961,0,238.6054,0,239.2916,0,239.9782,0,240.6649,0,241.3517,0,242.0382,0,242.7244,0,241.0623,0,239.1767,0,237.018,0,234.8476,0,232.6718,0,230.4968,0,228.3289,0,231.4194,0,234.5237,0,237.6236,0,239.9106,0,239.179,0,238.4439,0,237.7056
0,276.7835,0,273.7833,0,270.7403,0,267.6711,0,264.5931,0,262.1813,0,260.8959,0,261.7879,0,258.4682,0,255.0896,0,251.6746,0,248.2471,0,244.8314,0,241.4515,0,239.1365,0,239.4148,0,240.1024,0,240.7901,0,241.4777,0,242.1651,0,242.8521,0,243.5384,0,241.8755,0,240.2103,0,238.5456,0,236.4278,0,234.2611,0,232.0908,0,229.9228,0,233.0132,0,236.108,0,238.1319,0,237.3966,0,236.6584,0,235.9175,0,235.1742
0,276.7835,0,273.7833,0,270.7403,0,267.6711,0,264.5931,0,262.3014,0,261.0154,0,262.1439,0,258.827,0,255.4488,0,252.0315,0,248.5992,0,245.1762,0,241.7868,0,240.2822,0,240.5312,0,240.9155,0,241.6041,0,242.2923,0,242.9801,0,243.6672,0,244.3534,0,242.6904,0,241.0237,0,239.3561,0,237.6905,0,235.84,0,233.6775,0,231.513,0,234.5984,0,236.3555,0,235.6178,0,234.8779,0,234.1359,0,233.3921,0,232.6468
0,276.7835,0,273.7833,0,270.7403,0,267.6711,0,264.5931,0,262.4214,0,261.1639,0,262.5,0,259.1861,0,255.8085,0,252.3893,0,248.9524,0,245.5224,0,242.6927,0,241.4321,0,241.6809,0,241.9292,0,242.4198,0,243.1084,0,243.7963,0,244.4832,0,245.169,0,243.5066,0,241.8391,0,240.1694,0,238.5001,0,236.8343,0,235.1746,0,233.0968,0,234.5846,0,233.8461,0,233.1059,0,232.3642,0,231.6214,0,230.8776,0,230.133
0,276.7835,0,273.7833,0,270.7403,0,267.6711,0,264.5931,0,262.5414,0,261.521,0,262.8561,0,259.5455,0,256.1688,0,252.7479,0,249.3067,0,245.8698,0,243.8595,0,242.5856,0,242.8338,0,243.0816,0,243.3291,0,243.9257,0,244.6133,0,245.2998,0,245.985,0,244.3239,0,242.6563,0,240.985,0,239.3128,0,237.6427,0,235.9774,0,235.195,0,233.9658,0,232.7364,0,231.5078,0,230.2811,0,229.1243,0,228.3833,0,227.6425
0,276.7835,0,273.7833,0,270.7403,0,267.6711,0,264.5931,0,262.6613,0,261.8782,0,263.2123,0,259.9053,0,256.5297,0,253.1073,0,249.6621,0,246.3385,0,245.0278,0,243.7416,0,243.9891,0,244.2362,0,244.4828,0,244.7438,0,245.431,0,246.1168,0,246.801,0,245.1418,0,243.4747,0,241.8026,0,240.1282,0,238.4544,0,238.1012,0,237.9503,0,236.7137,0,235.4743,0,234.2332,0,232.9915,0,231.7504,0,230.5111,0,231.1494
0,276.7835,0,273.7833,0,270.7403,0,267.6711,0,264.5931,0,262.7812,0,262.2356,0,263.5684,0,260.2652,0,256.891,0,253.4676,0,250.0185,0,247.5177,0,246.1967,0,244.8992,0,245.1458,0,245.3919,0,245.6376,0,245.8827,0,246.2488,0,246.9336,0,247.6167,0,245.9601,0,244.2942,0,242.6219,0,241.1759,0,241.0314,0,240.8862,0,240.7404,0,239.5022,0,238.2585,0,237.0104,0,235.7591,0,234.5058,0,235.0008,0,236.3651
0,276.7835,0,273.7833,0,270.7403,0,267.6711,0,264.5931,0,262.901,0,262.5929,0,263.9245,0,260.6254,0,257.2529,0,253.8286,0,250.376,0,248.6953,0,247.3651,0,246.0574,0,246.3029,0,246.5479,0,246.7923,0,247.0363,0,247.2797,0,247.7501,0,248.4317,0,246.7783,0,245.1144,0,244.1083,0,243.9703,0,243.8317,0,243.6925,0,243.5526,0,242.3188,0,241.0768,0,239.8277,0,238.5727,0,238.9121,0,240.3189,0,241.7487
0,276.7835,0,273.7833,0,270.7403,0,267.6711,0,264.5931,0,263.0208,0,262.9504,0,264.2806,0,260.9858,0,257.6153,0,254.1903,0,251.229,0,249.8704,0,248.5322,0,247.2153,0,247.4595,0,247.7031,0,247.9462,0,248.1888,0,248.4307,0,248.6721,0,249.2457,0,247.5963,0,247.0334,0,246.9027,0,246.7713,0,246.6393,0,246.5067,0,246.3735,0,245.15,0,243.9158,0,242.672,0,242.8478,0,244.2842,0,245.7389,0,247.2105
0,276.7835,0,273.7833,0,270.7403,0,267.6711,0,264.5931,0,263.1405,0,263.3078,0,264.6365,0,261.3464,0,257.9781,0,254.5528,0,252.4062,0,251.042,0,249.697,0,248.372,0,248.6147,0,248.8568,0,249.0983,0,249.3392,0,249.5795,0,249.8193,0,250.0584,0,249.9361,0,249.8132,0,249.6897,0,249.5655,0,249.4408,0,249.3154,0,249.1893,0,247.9822,0,246.762,0,246.771,0,248.2231,0,249.6886,0,251.1657,0,252.6525
0,276.7835,0,273.7833,0,270.7403,0,267.6711,0,264.5931,0,263.2602,0,263.6652,0,264.9924,0,261.7071,0,258.3413,0,254.9629,0,253.5777,0,252.2092,0,250.8584,0,249.5266,0,249.7675,0,250.0079,0,250.2476,0,250.4867,0,250.7252,0,250.858,0,250.8925,0,251.5211,0,252.15,0,252.4563,0,252.3398,0,252.2228,0,252.1051,0,251.9868,0,250.8016,0,250.6454,0,252.0994,0,253.5616,0,255.0302,0,256.5033,0,257.979
0,276.7835,0,273.7833,0,270.7403,0,267.6711,0,264.6861,0,263.3798,0,264.0226,0,265.348,0,262.0679,0,258.7049,0,256.1297,0,254.7427,0,253.3709,0,252.0156,0,250.678,0,250.9171,0,251.1555,0,251.3933,0,251.6237,0,251.6584,0,251.6932,0,251.728,0,252.3573,0,252.9866,0,253.616,0,254.2452,0,254.8742,0,254.863,0,254.7528,0,254.4375,0,255.8802,0,257.3262,0,258.7736,0,260.2205,0,261.6652,0,263.1058
0,276.7835,0,273.7833,0,270.7403,0,267.6711,0,264.806,0,263.4994,0,264.3799,0,265.7036,0,262.4288,0,259.0688,0,257.2878,0,255.9001,0,254.5263,0,253.1677,0,251.8254,0,252.0624,0,252.2988,0,252.4242,0,252.4593,0,252.4943,0,252.5295,0,252.5646,0,253.1942,0,253.8238,0,254.4531,0,255.0821,0,255.7106,0,256.3384,0,257.3517,0,259.0142,0,260.3767,0,261.7423,0,263.1092,0,264.4761,0,265.8413,0,267.2033
0,276.7835,0,273.7833,0,270.7403,0,267.6711,0,264.9258,0,263.6189,0,264.7371,0,266.0589,0,262.7897,0,259.8346,0,258.4364,0,257.0493,0,255.6745,0,254.3137,0,252.9679,0,253.1894,0,253.2248,0,253.2602,0,253.2956,0,253.331,0,253.3664,0,253.4019,0,254.0316,0,254.6611,0,255.2901,0,255.9186,0,256.5464,0,257.5046,0,259.619,0,262.1524,0,263.8963,0,265.2854,0,266.6718,0,268.0539,0,269.4302,0,270.7991
0,276.7835,0,273.7833,0,270.7403,0,267.6711,0,265.0456,0,263.7627,0,265.0942,0,266.414,0,263.1507,0,260.9698,0,259.5747,0,258.1892,0,256.8147,0,255.4528,0,254.0918,0,254.0252,0,254.0609,0,254.0966,0,254.1323,0,254.168,0,254.2038,0,254.2396,0,254.8691,0,255.4982,0,256.1267,0,256.7544,0,257.6575,0,259.7722,0,261.9069,0,264.4821,0,267.126,0,268.9312,0,270.3264,0,271.7129,0,273.0892,0,274.4539
0,276.7835,0,273.7833,0,270.7403,0,267.6711,0,265.1653,0,264.1214,0,265.4511,0,266.7688,0,263.5117,0,262.0929,0,260.702,0,259.3192,0,257.9429,0,256.5676,0,255.1968,0,255.026,0,254.897,0,254.933,0,254.969,0,255.0051,0,255.0412,0,255.0773,0,255.7064,0,256.3348,0,256.9624,0,257.8103,0,259.9252,0,262.0597,0,264.2082,0,266.8172,0,269.4858,0,272.204,0,274.046,0,275.4252,0,276.7899,0,278.1389
0,276.7835,0,273.7833,0,270.7403,0,267.6711,0,265.2849,0,264.48,0,265.8079,0,267.1233,0,264.5942,0,263.2032,0,261.8185,0,260.439,0,259.0595,0,257.6814,0,256.3064,0,256.1338,0,255.9616,0,255.7899,0,255.8055,0,255.8418,0,255.8782,0,255.9146,0,256.543,0,257.1705,0,257.9631,0,260.0781,0,262.2124,0,264.3602,0,266.5157,0,269.1499,0,271.8341,0,274.5576,0,277.3087,0,279.1604,0,280.5019,0,281.8239
0,276.7835,0,273.7833,0,270.7403,0,267.6711,0,265.4045,0,264.8384,0,266.1644,0,267.4776,0,265.6836,0,264.3123,0,262.9366,0,261.5579,0,260.1778,0,258.7979,0,257.4199,0,257.2454,0,257.0715,0,256.898,0,256.725,0,256.6779,0,256.7145,0,256.7512,0,257.3786,0,258.1158,0,260.2309,0,262.3649,0,264.5121,0,266.6664,0,268.8218,0,271.4725,0,274.1633,0,276.8828,0,279.6191,0,282.3599,0,284.1941,0,285.4786
0,276.7835,0,273.7833,0,270.7403,0,267.6711,0,265.5239,0,265.1968,0,266.5207,0,267.831,0,266.7929,0,265.4261,0,264.0535,0,262.6767,0,261.2971,0,259.9165,0,258.5363,0,258.3602,0,258.1846,0,258.0094,0,257.8347,0,257.6605,0,257.5498,0,257.5867,0,258.2683,0,260.3836,0,262.5173,0,264.6637,0,266.8169,0,268.9706,0,271.119,0,273.7776,0,276.4659,0,279.1726,0,281.8856,0,284.5929,0,287.2824,0,289.0744
0,276.7835,0,273.7833,0,270.7403,0,267.6711,0,265.6433,0,265.5549,0,266.8767,0,268.1838,0,267.8866,0,266.5369,0,265.1685,0,263.7944,0,262.4165,0,261.0361,0,259.6549,0,259.4773,0,259.3002,0,259.1234,0,258.9471,0,258.7713,0,258.5958,0,258.4209,0,260.5362,0,262.6696,0,264.8152,0,266.9671,0,269.1193,0,271.2657,0,273.4002,0,276.0579,0,278.7352,0,281.4207,0,284.1025,0,286.6194,0,288.1971,0,289.7709
0,276.7835,0,273.7833,0,270.7403,0,267.6711,0,265.7627,0,265.9129,0,267.2325,0,268.537,0,268.2394,0,267.6438,0,266.2805,0,264.9104,0,263.535,0,262.156,0,260.7749,0,260.5959,0,260.4173,0,260.2391,0,260.0614,0,259.884,0,259.7071,0,259.4774,0,261.7585,0,264.0568,0,266.365,0,268.6758,0,270.9815,0,273.2748,0,275.3034,0,276.6719,0,278.2325,0,279.8041,0,281.3846,0,282.9715,0,284.5626,0,286.1553
0,276.7835,0,273.7833,0,270.7403,0,267.6711,0,265.8819,0,266.2707,0,267.5879,0,268.8904,0,268.5925,0,268.2949,0,267.3888,0,266.0236,0,264.6519,0,263.2753,0,261.8953,0,261.715,0,261.5351,0,261.3557,0,261.1766,0,260.998,0,260.7782,0,260.5368,0,262.8243,0,265.1255,0,267.4333,0,269.7401,0,272.0385,0,274.3211,0,273.638,0,273.525,0,274.5764,0,276.1317,0,277.7013,0,279.283,0,280.8744,0,282.4732
0,276.7835,0,273.7833,0,270.7403,0,267.6711,0,266.0011,0,266.6282,0,267.943,0,269.2441,0,268.9459,0,268.648,0,268.3504,0,267.1334,0,265.7664,0,264.3931,0,263.0153,0,262.8339,0,262.6529,0,262.4723,0,262.292,0,262.0822,0,261.8403,0,261.5984,0,263.8907,0,266.1933,0,268.499,0,270.8003,0,273.0898,0,273.217,0,271.964,0,271.8517,0,271.7395,0,272.4747,0,274.0206,0,275.5839,0,277.1624,0,278.7539
0,276.7835,0,273.7833,0,270.7403,0,267.6711,0,266.1202,0,266.9854,0,268.2977,0,269.5981,0,269.2996,0,269.0013,0,268.7035,0,268.2388,0,266.8775,0,265.5087,0,264.134,0,263.9516,0,263.7696,0,263.588,0,263.3879,0,263.1457,0,262.9036,0,262.6615,0,264.9569,0,267.2594,0,269.5614,0,271.8556,0,272.7963,0,271.543,0,270.2843,0,270.1729,0,270.0617,0,269.9506,0,270.3725,0,271.9048,0,273.4574,0,275.0283
0,276.7835,0,273.7833,0,270.7403,0,267.6711,0,266.2392,0,267.3424,0,268.652,0,269.9522,0,269.6534,0,269.3549,0,269.0568,0,268.7589,0,267.9845,0,266.6211,0,265.2507,0,265.0675,0,264.8846,0,264.6939,0,264.4518,0,264.2096,0,263.9675,0,263.7253,0,266.0224,0,268.323,0,270.6198,0,272.376,0,271.1225,0,269.864,0,268.6017,0,268.4914,0,268.3813,0,268.2713,0,268.1615,0,268.2755,0,269.7901,0,271.3277
0,276.7835,0,273.7833,0,270.7403,0,267.6808,0,266.3777,0,267.699,0,269.0059,0,270.3065,0,270.0075,0,269.7088,0,269.4103,0,269.1122,0,268.8143,0,267.7296,0,266.3644,0,266.1805,0,265.9969,0,265.7572,0,265.5152,0,265.2732,0,265.0312,0,264.7891,0,267.0862,0,269.3834,0,271.6735,0,270.7026,0,269.4444,0,268.1828,0,266.919,0,266.8101,0,266.7013,0,266.5926,0,266.4842,0,266.3759,0,266.2677,0,267.6822
0,276.7835,0,273.7833,0,270.7403,0,267.7997,0,266.7365,0,268.0553,0,269.3597,0,270.6609,0,270.3617,0,270.0628,0,269.7641,0,269.4657,0,269.1676,0,268.8334,0,267.4743,0,267.2899,0,267.0604,0,266.819,0,266.5774,0,266.3358,0,266.094,0,265.8522,0,268.1477,0,270.44,0,270.2833,0,269.0256,0,267.7648,0,266.5023,0,265.2393,0,265.1318,0,265.0245,0,264.9174,0,264.8104,0,264.7037,0,264.5971,0,265.2924
0,276.7835,0,273.7833,0,270.7403,0,267.9186,0,267.0949,0,268.4111,0,269.7137,0,271.0155,0,270.7161,0,270.417,0,270.1181,0,269.8194,0,269.521,0,269.2229,0,268.5797,0,268.3603,0,268.1196,0,267.8787,0,267.6377,0,267.3965,0,267.1552,0,266.9138,0,269.2062,0,269.8647,0,268.6076,0,267.3478,0,266.0867,0,264.8255,0,263.5653,0,263.4595,0,263.3539,0,263.2484,0,264.0157,0,265.2233,0,266.435,0,267.6497
0,276.7835,0,273.7833,0,270.7403,0,268.0373,0,267.4531,0,268.7666,0,270.0678,0,271.3701,0,271.0706,0,270.7713,0,270.4722,0,270.1733,0,269.8747,0,269.5763,0,269.1438,0,269.2422,0,269.1218,0,268.9356,0,268.6952,0,268.4547,0,268.2141,0,267.9732,0,269.4469,0,268.1904,0,266.9318,0,265.6722,0,264.4129,0,263.1551,0,261.8999,0,262.7378,0,263.9433,0,265.1539,0,266.3686,0,267.5863,0,268.806,0,270.0265
0,276.7835,0,273.7833,0,270.7403,0,268.1559,0,267.8109,0,269.1216,0,270.4222,0,271.7249,0,271.4252,0,271.1257,0,270.8264,0,270.5274,0,270.2285,0,269.9299,0,269.2472,0,269.7522,0,269.6318,0,269.5113,0,269.3909,0,269.2705,0,269.1501,0,269.0298,0,268.0041,0,266.9768,0,265.9486,0,264.9199,0,263.8917,0,262.8644,0,261.8387,0,264.6146,0,266.3018,0,267.5227,0,268.7455,0,269.9692,0,271.1927,0,272.4149
0,276.7835,0,273.7833,0,270.7403,0,268.2744,0,268.1683,0,269.4762,0,270.7767,0,272.0796,0,271.7798,0,271.4802,0,271.1808,0,270.8815,0,270.5825,0,270.2142,0,269.3507,0,269.9004,0,270.142,0,270.0215,0,269.901,0,269.7805,0,269.6601,0,269.5396,0,268.1023,0,267.0753,0,266.0471,0,265.0186,0,263.9904,0,262.9631,0,261.9373,0,264.7139,0,267.5256,0,269.9117,0,271.1385,0,272.364,0,273.5871,0,274.8066
0,276.7835,0,273.7833,0,270.7403,0,268.3928,0,268.5253,0,269.8303,0,271.1313,0,272.4344,0,272.1345,0,271.8348,0,271.5352,0,271.2358,0,270.9366,0,270.3177,0,269.4541,0,270.0039,0,270.5541,0,270.5319,0,270.4114,0,270.2909,0,270.1703,0,270.0498,0,268.5962,0,267.1736,0,266.1457,0,265.1173,0,264.0891,0,263.0618,0,262.036,0,264.8131,0,267.625,0,270.4585,0,273.2999,0,274.7622,0,275.9806,0,277.1934
0,276.7835,0,273.7833,0,270.7403,0,268.5112,0,268.882,0,270.1838,0,271.486,0,272.7892,0,272.4892,0,272.1894,0,271.8897,0,271.5902,0,271.2865,0,270.4213,0,269.5575,0,270.1074,0,270.6576,0,271.0425,0,270.9219,0,270.8014,0,270.6808,0,270.5603,0,269.1065,0,267.6512,0,266.2442,0,265.2159,0,264.1878,0,263.1605,0,262.1346,0,264.9124,0,267.7244,0,270.5575,0,273.3981,0,276.2322,0,278.3651,0,279.5669
0,276.7835,0,273.7833,0,270.7403,0,268.6294,0,269.2381,0,270.5379,0,271.8407,0,273.1439,0,272.8439,0,272.544,0,272.2442,0,271.9446,0,271.3901,0,270.5248,0,269.661,0,270.2108,0,270.7611,0,271.3116,0,271.4326,0,271.312,0,271.1915,0,271.0709,0,269.6173,0,268.1615,0,266.7054,0,265.3146,0,264.2865,0,263.2591,0,262.2332,0,265.0116,0,267.8237,0,270.6565,0,273.4962,0,276.329,0,279.1411,0,281.9193
0,276.7835,0,273.7833,0,270.7403,0,268.7475,0,269.5938,0,270.8925,0,272.1955,0,273.4985,0,273.1985,0,272.8986,0,272.5988,0,272.2991,0,271.4937,0,270.6284,0,269.7644,0,270.3143,0,270.8646,0,271.415,0,271.9433,0,271.8227,0,271.7021,0,271.5816,0,270.1284,0,268.6723,0,267.2153,0,265.7591,0,264.3852,0,263.3578,0,262.3318,0,265.1108,0,267.923,0,270.7555,0,273.5943,0,276.2341,0,277.6762,0,279.1122
0,276.7835,0,273.7833,0,270.7403,0,268.8655,0,269.949,0,271.2471,0,272.5502,0,273.8531,0,273.5531,0,273.2531,0,272.9532,0,272.4637,0,271.5973,0,270.7319,0,269.8679,0,270.4178,0,270.9681,0,271.5185,0,272.0691,0,272.3334,0,272.2128,0,272.0923,0,270.6397,0,269.1836,0,267.7258,0,266.2683,0,264.8129,0,263.4565,0,262.4304,0,265.21,0,268.0223,0,270.4689,0,271.9191,0,273.3703,0,274.8208,0,276.2686
0,276.7835,0,273.7833,0,270.7403,0,268.9981,0,270.3037,0,271.6018,0,272.905,0,274.2075,0,273.9075,0,273.6076,0,273.3077,0,272.5672,0,271.7008,0,270.8354,0,269.9713,0,270.5213,0,271.0715,0,271.622,0,272.1726,0,272.7231,0,272.7234,0,272.6029,0,271.1511,0,269.6952,0,268.237,0,266.7783,0,265.3211,0,263.8673,0,262.529,0,264.7387,0,266.1679,0,267.6054,0,269.0494,0,270.4981,0,271.9497,0,273.4023
0,276.7835,0,273.7833,0,270.7403,0,269.3555,0,270.6578,0,271.9565,0,273.2597,0,274.5618,0,274.2618,0,273.9619,0,273.5376,0,272.6707,0,271.8044,0,270.9389,0,270.0748,0,270.6247,0,271.175,0,271.7255,0,272.276,0,272.8265,0,273.2338,0,273.1133,0,271.6627,0,270.2072,0,268.7487,0,267.2892,0,265.8304,0,264.9855,0,264.2344,0,262.778,0,263.3414,0,264.7621,0,266.1928,0,267.6317,0,269.0772,0,270.5273
0,276.7835,0,273.7833,0,270.7403,0,269.7123,0,271.0114,0,272.3113,0,273.6143,0,274.9159,0,274.616,0,274.3161,0,273.641,0,272.7742,0,271.9079,0,271.0424,0,270.1782,0,270.7282,0,271.2785,0,271.8289,0,272.3794,0,272.9298,0,273.4802,0,273.6235,0,272.1742,0,270.7194,0,269.5693,0,268.8204,0,268.0697,0,267.3175,0,266.5641,0,265.0934,0,263.6304,0,262.1771,0,263.3632,0,264.7855,0,266.2177,0,267.6581
0,276.7835,0,273.7833,0,270.7403,0,270.0686,0,271.3643,0,272.6661,0,273.9688,0,275.2697,0,274.97,0,274.6111,0,273.7444,0,272.8777,0,272.0114,0,271.1459,0,270.2817,0,270.8317,0,271.3819,0,271.9323,0,272.4828,0,273.0332,0,273.5834,0,274.1334,0,273.3961,0,272.6556,0,271.912,0,271.1657,0,270.4168,0,269.6657,0,268.9125,0,267.432,0,265.9564,0,264.4875,0,263.0271,0,261.973,0,263.3852,0,264.8089
0,276.7835,0,273.7833,0,270.7858,0,270.4244,0,271.7176,0,273.0208,0,274.3232,0,275.6234,0,275.3237,0,274.7144,0,273.8478,0,272.9812,0,272.1149,0,271.2494,0,270.3851,0,270.9351,0,271.4854,0,272.0358,0,272.5917,0,273.3097,0,274.0278,0,274.7459,0,275.3486,0,274.9931,0,274.2555,0,273.5143,0,272.7697,0,272.0221,0,271.2717,0,269.7865,0,268.303,0,266.8231,0,265.3488,0,263.8821,0,262.4247,0,261.9934
0,276.7835,0,273.7833,0,270.9029,0,270.7796,0,272.0724,0,273.3755,0,274.6774,0,275.9768,0,275.6773,0,274.8176,0,273.9511,0,273.0846,0,272.2184,0,271.3529,0,270.4885,0,271.0497,0,271.7671,0,272.4852,0,273.2036,0,273.9222,0,274.6407,0,275.3589,0,275.9622,0,276.5661,0,276.5918,0,275.8582,0,275.1205,0,274.3789,0,273.6338,0,272.1489,0,270.6625,0,269.1766,0,267.6931,0,266.2142,0,265.1651,0,265.0335
0,276.7835,0,273.7833,0,271.02,0,271.1342,0,272.4272,0,273.7301,0,275.0314,0,276.3299,0,275.7866,0,274.9208,0,274.0545,0,273.188,0,272.3781,0,271.6373,0,270.8972,0,271.66,0,272.3785,0,273.0973,0,273.8164,0,274.5354,0,275.2541,0,275.9724,0,276.5761,0,277.1802,0,277.7847,0,278.1897,0,277.4612,0,276.7282,0,275.9908,0,274.5112,0,273.027,0,271.54,0,270.0524,0,269.8947,0,269.789,0,269.682
0,276.7835,0,273.7833,0,271.1369,0,271.4882,0,272.7819,0,274.0845,0,275.3853,0,276.6827,0,275.8895,0,275.1476,0,274.4066,0,273.6653,0,272.9239,0,272.1827,0,271.4419,0,272.2325,0,272.9909,0,273.7104,0,274.4299,0,275.1492,0,275.868,0,276.5861,0,277.1901,0,277.7944,0,278.3988,0,279.0033,0,279.6077,0,279.062,0,278.3348,0,276.8655,0,275.3884,0,274.7599,0,274.6832,0,274.6056,0,274.5271,0,274.4476
0,276.7835,0,273.7833,0,271.2537,0,271.8416,0,273.1366,0,274.4389,0,275.7388,0,276.808,0,276.4334,0,275.6933,0,274.9526,0,274.2114,0,273.4699,0,272.7284,0,271.9873,0,272.7786,0,273.5713,0,274.3243,0,275.0441,0,275.7634,0,276.4821,0,277.2,0,277.8041,0,278.4084,0,279.0128,0,279.617,0,280.2209,0,280.8245,0,280.6582,0,279.5598,0,279.5124,0,279.4645,0,279.416,0,279.367,0,279.3173,0,279.267
0,276.7835,0,273.7833,0,271.3703,0,272.1943,0,273.4913,0,274.793,0,276.0921,0,276.8424,0,276.9686,0,276.2388,0,275.4985,0,274.7575,0,274.0161,0,273.2745,0,272.533,0,273.325,0,274.1182,0,274.9121,0,275.6588,0,276.378,0,277.0965,0,277.8139,0,278.418,0,279.0222,0,279.6263,0,280.2301,0,280.8335,0,281.4364,0,283.1088,0,283.9404,0,284.1732,0,284.1536,0,284.1338,0,284.1137,0,284.0934,0,284.0728
0,276.7835,0,273.7833,0,271.4869,0,272.5463,0,273.8458,0,275.147,0,276.4452,0,276.8768,0,277.003,0,276.7839,0,276.0442,0,275.3035,0,274.5623,0,273.8207,0,273.079,0,273.8716,0,274.6651,0,275.4592,0,276.2535,0,276.9928,0,277.7108,0,278.4276,0,279.0316,0,279.6355,0,280.2392,0,280.8425,0,281.9269,0,283.8103,0,285.7099,0,286.5455,0,287.3797,0,288.2121,0,288.7736,0,288.7819,0,288.7902,0,288.7987
0,276.7835,0,273.7833,0,271.613,0,272.8977,0,274.2003,0,275.5007,0,276.7849,0,276.9111,0,277.0374,0,277.1636,0,276.5895,0,275.8494,0,275.1085,0,274.367,0,273.6253,0,274.4183,0,275.2119,0,276.006,0,276.8001,0,277.594,0,278.3251,0,279.0411,0,279.6448,0,280.2483,0,280.8514,0,282.6237,0,284.5155,0,286.422,0,288.3392,0,289.1753,0,290.0088,0,290.8394,0,291.6667,0,292.4905,0,293.3104,0,293.3847
0,276.7835,0,273.7833,0,271.9675,0,273.2524,0,274.5545,0,275.8542,0,276.8192,0,276.9455,0,277.0718,0,277.198,0,277.1344,0,276.395,0,275.6545,0,274.9133,0,274.1717,0,274.9649,0,275.7586,0,276.5525,0,277.3463,0,278.1396,0,278.9322,0,279.6541,0,280.2575,0,281.4422,0,283.3245,0,285.2242,0,287.137,0,289.0591,0,290.9859,0,291.8188,0,292.6481,0,293.4734,0,294.2944,0,295.1107,0,295.9222,0,295.2595
0,276.7835,0,273.7833,0,272.3212,0,273.6071,0,274.9086,0,276.2074,0,276.8536,0,276.9799,0,277.1061,0,277.2324,0,277.3587,0,276.9401,0,276.2003,0,275.4595,0,274.7181,0,275.5114,0,276.3051,0,277.0986,0,277.8919,0,278.6845,0,279.4762,0,280.2666,0,282.138,0,284.0291,0,285.936,0,287.8548,0,289.781,0,291.7104,0,293.6387,0,294.465,0,295.2866,0,296.1031,0,296.9142,0,297.4654,0,296.4373,0,295.4112
0,276.7835,0,273.7833,0,272.6742,0,273.9616,0,275.2625,0,276.5604,0,276.888,0,277.0142,0,277.1405,0,277.2668,0,277.393,0,277.4849,0,276.7457,0,276.0055,0,275.2644,0,276.0577,0,276.8511,0,277.6442,0,278.4368,0,279.2286,0,280.1452,0,281.8583,0,284.2588,0,286.651,0,288.5749,0,290.5048,0,292.4363,0,294.3649,0,296.2864,0,297.1025,0,297.9129,0,298.7173,0,298.6467,0,297.6172,0,296.5891,0,295.5628
0,276.7835,0,273.7833,0,273.0265,0,274.316,0,275.6162,0,276.7961,0,276.9223,0,277.0486,0,277.1749,0,277.3011,0,277.4274,0,277.5537,0,277.2907,0,276.5512,0,275.8106,0,276.6037,0,277.3967,0,278.1892,0,278.981,0,280.0237,0,281.7374,0,283.46,0,285.8766,0,288.3185,0,290.7771,0,293.1632,0,295.0915,0,297.0111,0,298.9177,0,299.7204,0,300.5164,0,299.8283,0,298.7984,0,297.7691,0,296.7409,0,295.7145
0,276.7835,0,273.7833,0,273.3781,0,274.6702,0,275.9696,0,276.8305,0,276.9567,0,277.083,0,277.2092,0,277.3355,0,277.4618,0,277.588,0,277.7143,0,277.0964,0,276.3565,0,277.1493,0,277.9417,0,278.7335,0,279.9021,0,281.6165,0,283.3399,0,285.0693,0,287.4982,0,289.9466,0,292.4058,0,294.8667,0,297.3204,0,299.6379,0,301.5219,0,302.0377,0,301.0093,0,299.9799,0,298.9502,0,297.9209,0,296.8927,0,295.8661
0,276.7835,0,273.7833,0,273.7289,0,275.0242,0,276.3227,0,276.8648,0,276.9911,0,277.1173,0,277.2436,0,277.3699,0,277.4961,0,277.6224,0,277.7487,0,277.6412,0,276.902,0,277.6943,0,278.4861,0,279.7804,0,281.4954,0,283.2196,0,284.9502,0,286.6838,0,289.1211,0,291.572,0,294.0278,0,296.4795,0,298.918,0,301.3348,0,303.6164,0,302.2802,0,301.1605,0,300.1314,0,299.1019,0,298.0727,0,297.0444,0,296.0178
0,276.7835,0,273.7833,0,274.0788,0,275.378,0,276.6755,0,276.8992,0,277.0255,0,277.1517,0,277.278,0,277.4042,0,277.5305,0,277.6568,0,277.783,0,277.9093,0,277.447,0,278.2388,0,279.6585,0,281.3741,0,283.0992,0,284.8308,0,286.5658,0,288.3008,0,290.7426,0,293.1922,0,295.6407,0,298.0792,0,300.499,0,302.7566,0,304.8737,0,303.5359,0,302.1963,0,300.8565,0,299.5179,0,298.2244,0,297.1962,0,296.1695
0,276.7835,0,273.863,0,274.4316,0,275.7316,0,276.8073,0,276.9336,0,277.0598,0,277.1861,0,277.3124,0,277.4386,0,277.5649,0,277.6912,0,277.8174,0,277.9437,0,277.9915,0,279.5364,0,281.2527,0,282.9786,0,284.7113,0,286.4475,0,288.1841,0,289.9179,0,292.3603,0,294.8047,0,297.242,0,299.6638,0,301.8948,0,304.0141,0,306.1344,0,304.7962,0,303.4549,0,302.112,0,300.769,0,299.4273,0,298.0884,0,296.7687
0,276.7835,0,273.9777,0,274.7858,0,276.0849,0,276.8417,0,276.9679,0,277.0942,0,277.2205,0,277.3467,0,277.473,0,277.5993,0,277.7255,0,277.8518,0,277.978,0,278.2994,0,280.7358,0,282.8579,0,284.5916,0,286.3291,0,288.0672,0,289.8026,0,291.5323,0,293.9715,0,296.4068,0,298.8294,0,301.0316,0,303.152,0,305.2758,0,307.3971,0,306.0599,0,304.7183,0,303.3736,0,302.0273,0,300.6811,0,299.3517,0,298.0419
0,276.7835,0,274.0923,0,275.1398,0,276.438,0,276.8761,0,277.0023,0,277.1286,0,277.2548,0,277.3811,0,277.5074,0,277.6336,0,277.7599,0,277.8862,0,277.3211,0,278.5643,0,281.0024,0,283.4648,0,285.9427,0,287.9501,0,289.6872,0,291.4188,0,293.1417,0,295.5738,0,297.9963,0,300.1673,0,302.2879,0,304.4143,0,306.5405,0,308.6608,0,307.3259,0,305.9851,0,304.6399,0,303.2918,0,301.9565,0,300.6331,0,299.3179
0,276.7835,0,274.2116,0,275.4935,0,276.7842,0,276.9104,0,277.0367,0,277.1629,0,277.2892,0,277.4155,0,277.5417,0,277.668,0,277.7943,0,277.2203,0,277.4492,0,278.8293,0,281.2689,0,283.7319,0,286.2094,0,288.6923,0,291.1712,0,293.03,0,294.7434,0,297.1647,0,299.3023,0,301.4221,0,303.5501,0,305.6803,0,307.8069,0,309.9241,0,308.5928,0,307.2542,0,305.9099,0,304.5725,0,303.2409,0,301.9147,0,300.5954
0,276.7835,0,274.5617,0,275.847,0,276.8185,0,276.9448,0,277.0711,0,277.1973,0,277.3236,0,277.4498,0,277.5761,0,277.7024,0,277.1195,0,276.4473,0,277.7143,0,279.0944,0,281.5354,0,283.9989,0,286.4758,0,288.9571,0,291.4335,0,293.8958,0,296.3351,0,298.437,0,300.555,0,302.6836,0,304.8169,0,306.9489,0,309.0738,0,311.1859,0,309.8594,0,308.5244,0,307.1888,0,305.8545,0,304.5228,0,303.1953,0,301.8732
0,276.7835,0,274.9109,0,276.2002,0,276.8529,0,276.9792,0,277.1054,0,277.2317,0,277.358,0,277.4842,0,277.6105,0,277.0187,0,276.3464,0,276.598,0,277.9794,0,279.3595,0,281.8018,0,284.2656,0,286.742,0,289.2216,0,291.6954,0,294.1541,0,297.0166,0,299.2687,0,301.5396,0,303.8224,0,306.0871,0,308.2188,0,310.34,0,312.4449,0,311.1243,0,309.7945,0,308.4631,0,307.1315,0,305.8011,0,304.4735,0,303.1499
0,276.7835,0,275.2593,0,276.5532,0,276.8873,0,277.0135,0,277.1398,0,277.2661,0,277.3923,0,277.5186,0,276.9179,0,276.2456,0,275.5728,0,276.863,0,278.2446,0,279.6246,0,282.0682,0,284.5322,0,287.0078,0,289.4857,0,291.9567,0,294.6545,0,297.699,0,299.9548,0,302.2274,0,304.5098,0,306.7946,0,309.0748,0,311.343,0,313.6118,0,312.359,0,311.0559,0,309.7298,0,308.4022,0,307.0745,0,305.7481,0,304.4244
0,276.7835,0,275.609,0,276.7954,0,276.9216,0,277.0479,0,277.1742,0,277.3004,0,277.4267,0,276.8171,0,276.1447,0,275.4719,0,275.7461,0,277.1281,0,278.5099,0,279.8898,0,282.3344,0,284.7986,0,287.2733,0,289.7494,0,292.2776,0,295.3379,0,298.3819,0,300.6409,0,302.9145,0,305.1957,0,307.4773,0,309.752,0,312.0141,0,314.3811,0,313.1284,0,311.8727,0,310.6153,0,309.3574,0,308.1002,0,306.8449,0,306.2941
0,276.7835,0,275.9624,0,276.8298,0,276.956,0,277.0823,0,277.2085,0,277.3348,0,276.7163,0,276.0439,0,275.3711,0,274.6981,0,276.011,0,277.3934,0,278.7752,0,280.1549,0,282.6006,0,285.0648,0,287.5385,0,290.0126,0,292.9599,0,296.0227,0,299.0652,0,301.3267,0,303.6008,0,305.8802,0,308.1578,0,310.4264,0,312.7837,0,315.1512,0,313.899,0,312.643,0,311.3846,0,310.125,0,308.8652,0,308.2157,0,310.6553
0,276.7835,0,276.3155,0,276.8641,0,276.9904,0,277.1166,0,277.2429,0,276.6155,0,275.9431,0,275.2703,0,274.5973,0,274.8939,0,276.276,0,277.6587,0,279.0406,0,280.42,0,282.8666,0,285.3307,0,287.8034,0,290.5728,0,293.644,0,296.7084,0,299.7487,0,302.0121,0,304.2859,0,306.5629,0,308.8359,0,311.1803,0,313.5547,0,315.9219,0,314.6705,0,313.4148,0,312.1558,0,310.8948,0,310.1459,0,312.6154,0,315.1479
0,276.7835,0,276.6683,0,276.8985,0,277.0248,0,277.151,0,276.5147,0,275.8423,0,275.1695,0,274.4965,0,273.8235,0,275.1585,0,276.5411,0,277.9242,0,279.306,0,280.6851,0,283.1325,0,285.5964,0,288.1849,0,291.254,0,294.3299,0,297.3951,0,300.4322,0,302.6968,0,304.9697,0,307.2436,0,309.5735,0,311.951,0,314.3268,0,316.6928,0,315.4428,0,314.1877,0,312.9287,0,312.0804,0,314.5742,0,317.1239,0,319.7211
0,276.7835,0,276.8066,0,276.9329,0,277.0591,0,276.4139,0,275.7415,0,275.0687,0,274.3958,0,273.7228,0,274.0418,0,275.4232,0,276.8064,0,278.1897,0,279.5715,0,280.9502,0,283.3982,0,285.8619,0,288.8608,0,291.9376,0,295.0174,0,298.0824,0,301.1155,0,303.3807,0,305.652,0,307.9658,0,310.3426,0,312.7233,0,315.0997,0,317.4637,0,316.2156,0,314.9615,0,314.0148,0,316.527,0,319.0878,0,321.688,0,324.3177
0,276.7835,0,276.841,0,276.9672,0,276.3131,0,275.6407,0,274.9679,0,274.295,0,273.6222,0,272.9495,0,274.306,0,275.6882,0,277.0718,0,278.4553,0,279.837,0,281.2152,0,283.6639,0,286.4728,0,289.5397,0,292.6234,0,295.7062,0,298.7702,0,301.7984,0,304.0636,0,306.3597,0,308.7321,0,311.114,0,313.4971,0,315.8732,0,318.2343,0,316.9884,0,315.9446,0,318.4694,0,321.0351,0,323.6322,0,326.2505,0,328.8791
0,276.7835,0,276.8753,0,276.2123,0,275.5399,0,274.8672,0,274.1943,0,273.5215,0,272.849,0,273.1901,0,274.5704,0,275.9533,0,277.3374,0,278.721,0,280.1024,0,281.4802,0,284.0983,0,287.1447,0,290.2216,0,293.3114,0,296.3962,0,299.4583,0,302.4807,0,304.7577,0,307.122,0,309.5013,0,311.8874,0,314.2721,0,316.647,0,319.0043,0,317.8655,0,320.397,0,322.9617,0,325.5497,0,328.1508,0,330.7543,0,333.3493
